Phone Number
2014623510
2014623511
2014623512
2014623513
2014623514
2014623515
2014623516
2014623517
2014623518
2014623519
2014623520
2014623521
2014623522
2014623523
2014623524
2014623525
2014623526
2014623527
2014623528
2014623529
2014623530
2014623531
2014623532
2014623533
2014623534
2014623535
2014623536
2014623537
2014623538
2014623539
2014623540
2014623541
2014623542
2014623543
2014623544
2014623545
2014623546
2014623547
2014623548
2014623549
2014623550
2014623551
2014623552
2014623553
2014623554
2014623556
2014623557
2014623558
2014623559
2014623560
2014623561
2014623562
2014623563
2014623564
2014623565
2014623566
2014623567
2014623568
2014623569
2014623570
2014623571
2014623572
2014623573
2014623574
2014623575
2014623576
2014623577
2014623578
2014623579
2014623580
2014623581
2014623582
2014623583
2014623584
2014623585
2014623586
2014623587
2014623588
2014623589
2014623590
2014623591
2014623592
2014623593
2014623594
2014623595
2014623596
2014623597
2014623598
2014623599
2014623601
2014623602
2014623603
2014623604
2014623605
2014623606
2014623607
2014623608
2014623609
2014623610
2014623611
2014623612
2014623613
2014623614
2014623615
2014623616
2014623617
2014623618
2014623619
2014623620
2014623621
2014623622
2014623623
2014623624
2014623625
2014623626
2014623627
2014623628
2014623629
2014623630
2014623631
2014623632
2014623633
2014623634
2014623635
2014623636
2014623638
2014623639
2014623640
2014623641
2014623642
2014623643
2014623644
2026553595
2026553596
2026553598
2026553599
2026553601
2026553602
2026553603
2026553604
2026553605
2026553606
2026553607
2026553608
2026553609
2026553611
2037174214
2037174749
2037174753
2037174756
2037174761
2037174763
2037174771
2037174772
2052930741
2052930743
2052930744
2052930745
2052930753
2052930756
2052935225
2052935231
2053902394
2053902398
2053902399
2053902401
2053902402
2053902403
2055091995
2055091996
2055844318
2055844319
2055844320
2055844322
2055844323
2055844324
2055844326
2055844327
2055844328
2055844329
2055844330
2055844331
2055844332
2055844334
2055844335
2055844336
2055844337
2055844338
2055844339
2055844340
2055844341
2055844342
2055844343
2055844344
2055844345
2055844346
2055844347
2055844348
2055844349
2055844350
2055844351
2055844352
2055844353
2055844354
2055844355
2055844356
2055844358
2055844359
2055844360
2055844361
2055844362
2055844363
2055844364
2055844365
2055844366
2055844367
2055844368
2055844369
2055844370
2055844371
2055844372
2055844373
2055844374
2055844375
2055844376
2055844377
2055844378
2055844379
2055844380
2055844381
2055844382
2055844383
2055844384
2055844385
2055844386
2055844387
2055844388
2055844389
2055844390
2055844391
2055844392
2055844393
2055844394
2055844395
2055844396
2055844397
2055844398
2055844399
2055844401
2055844402
2055844403
2055844404
2055844405
2055844406
2055844407
2055844408
2055844409
2055844410
2055844411
2055844412
2055844413
2055844414
2055844415
2055844416
2055844417
2055844418
2055844419
2055844420
2055844421
2055844422
2055844423
2055844424
2055844425
2055844426
2055844427
2055844428
2055844429
2055844430
2055844431
2055844432
2055844433
2055844434
2055844435
2055844436
2055844437
2055844438
2055844439
2055844441
2055844442
2055844443
2055844445
2055844446
2055844447
2055844448
2055844449
2055844450
2055844451
2055844452
2055844453
2055844454
2055844455
2055844456
2055844457
2055844458
2055844459
2055844460
2055844461
2055844462
2055844463
2055844464
2055844465
2055844466
2055844467
2055844468
2055844469
2055844470
2055844471
2055844472
2055844473
2055844474
2055844475
2055844476
2055844477
2055844478
2055844479
2055844480
2055844481
2055844482
2055844483
2055844484
2055844485
2055844486
2055844487
2055844488
2055844489
2055844490
2055844491
2055844492
2055844493
2055844494
2055844495
2055844496
2055844497
2055844498
2055844499
2055844501
2055844502
2055844503
2055844504
2055844505
2055844506
2055844507
2055844508
2055844509
2055844510
2055844511
2055844512
2055844513
2055844514
2055844515
2055844516
2055844517
2055844518
2055844519
2055844520
2055844521
2055844522
2055844523
2055844524
2055844525
2055844526
2055844527
2055844528
2055844529
2055844530
2055844531
2055844532
2055844533
2055844534
2055844535
2055844536
2055844537
2055844538
2055844539
2055844540
2055844541
2055844542
2055844543
2055844544
2055844545
2055844546
2055844547
2055844548
2055844549
2055844550
2055844551
2055844552
2055844553
2055844554
2055844556
2055844557
2055844558
2055844559
2055844560
2055844561
2055844562
2055844563
2055844564
2055844565
2055844566
2055844567
2055844568
2055844569
2055844570
2055844571
2055844572
2055844573
2055844574
2055844575
2055844576
2055844577
2055844578
2062792731
2062792732
2062792733
2062792734
2062792736
2062792737
2062792738
2073878634
2073878635
2073878636
2073878637
2073878638
2073878639
2073878640
2082738893
2083140801
2083140803
2083140804
2083140809
2083140811
2083140815
2083140816
2083140824
2083144779
2083144783
2083144786
2083144788
2083144939
2083146023
2083146024
2083146027
2083147192
2085040988
2085040989
2085040990
2085040991
2085040992
2085040993
2085040994
2085040995
2085040996
2085040997
2085041001
2085041002
2085041003
2085041004
2085041005
2085041006
2085041007
2085041008
2085041009
2085041010
2085041011
2085041012
2085041013
2085041014
2085041015
2085041016
2085041017
2085041018
2085041019
2085041020
2085041021
2085041022
2085041023
2085041024
2085041025
2085041026
2085041027
2085041028
2085041029
2085041030
2085041031
2085041032
2085041033
2085041034
2085041035
2085041036
2085041037
2085041038
2085041039
2085041040
2085041041
2085041042
2085041043
2085041044
2085041045
2085041046
2085041047
2085041048
2085041049
2085041050
2085041051
2085041052
2085041053
2085041054
2085041055
2085041056
2085041057
2085041058
2085041059
2085041060
2085041061
2085041062
2085041063
2085041064
2085041065
2085041066
2085041067
2085041068
2085041069
2085041070
2085041071
2085041072
2085041073
2085041074
2085041075
2085041076
2085041077
2085041078
2085041079
2085041080
2085041081
2085041082
2085041083
2085041084
2085041085
2085041086
2085041087
2085041088
2085041089
2085041090
2085041091
2085041092
2085041093
2085041094
2085041095
2085041096
2085041097
2085041098
2085041099
2085041101
2085041102
2085041103
2085041104
2085041105
2092370686
2092370687
2092370688
2092370689
2092370690
2092370691
2092370692
2092370693
2092370694
2092370695
2092370696
2092370697
2092370698
2092370699
2092370700
2092370701
2092370702
2092370703
2092370704
2092370705
2092370706
2092370707
2092370708
2092370709
2092370710
2092370711
2092370712
2092370713
2092370714
2092370715
2092370716
2092370717
2092370718
2092370719
2092370720
2092370721
2092370722
2092370723
2092370724
2092370725
2092370726
2092370727
2092370728
2092370729
2092370730
2092370731
2092370732
2092370733
2092370734
2092370735
2092370736
2092370737
2092370738
2092370739
2092370740
2092370741
2092370742
2092370743
2092370744
2092370745
2092370746
2092370747
2092370748
2092370749
2092370750
2092370751
2092370752
2092370753
2092370754
2092370755
2092370756
2092370757
2092370758
2092370759
2092370760
2092370761
2092370762
2092370763
2092370764
2092370765
2092370766
2092370767
2092370768
2092370769
2092370770
2092370771
2092370772
2092370773
2092370774
2092370775
2092370776
2092370778
2092370779
2092370780
2092370781
2092370782
2092370783
2092370784
2092370785
2092370786
2092370787
2092370788
2092370789
2092370790
2092370791
2092370792
2092370793
2092370794
2092370795
2092370796
2092370797
2092370798
2092370799
2092370800
2092370801
2092370802
2092370803
2092370804
2092370805
2092370806
2092370807
2092370808
2092370809
2092370810
2092370811
2092370812
2092370813
2092370814
2092370815
2092370816
2092370817
2092370818
2109664266
2109664267
2109664268
2109664269
2109664270
2109664271
2109664272
2109664273
2109664274
2109664275
2109664276
2109664277
2109664278
2109664279
2109664280
2109664281
2109664282
2109664283
2109664284
2109664285
2109664286
2109664287
2109664289
2109664290
2109664291
2109664292
2109664293
2109664294
2109664295
2109664296
2109664297
2109664298
2109664299
2109664301
2109664302
2109664303
2109664304
2109664305
2109664306
2109664307
2109664308
2109664309
2109664310
2109664311
2109664312
2109664313
2109664314
2109664315
2109664316
2109664317
2109664318
2109664319
2109664320
2109664322
2109664323
2109664324
2109664325
2109664326
2109664327
2109664328
2109664329
2109664330
2109664331
2109664332
2109664334
2109664335
2109664336
2109664337
2109664338
2109664339
2109664340
2109664341
2109664342
2109664343
2109664344
2109664345
2109664346
2109664347
2109664348
2109664349
2109664350
2109664351
2109664352
2109664353
2109664354
2109664355
2109664356
2109664358
2109664359
2109664360
2109664361
2109664362
2109664363
2109664364
2109664365
2109664366
2109664367
2109664368
2109664369
2109664370
2109664371
2109664372
2109664373
2109664374
2109664375
2109664376
2109664377
2109664378
2109664379
2109664380
2109664381
2109664382
2109664383
2109664384
2109664385
2109664386
2109664387
2109664388
2109664389
2109664390
2109664391
2109664392
2109664393
2109664394
2109664395
2109664396
2109664397
2109664398
2109664399
2109664401
2109664402
2109664403
2109664404
2109664405
2109664406
2109664407
2109664408
2109664409
2109664410
2109664411
2109664412
2109664413
2109664414
2109664415
2109664416
2109664417
2109664418
2109664419
2109664420
2109664421
2109664422
2109664423
2109664424
2109664425
2109664426
2109664427
2109664428
2109664429
2109664430
2109664431
2109664432
2109664433
2109664434
2109664435
2109664436
2109664437
2109664438
2109664439
2109664447
2109664448
2109664449
2109664450
2109664451
2109664452
2109664453
2109664454
2109664456
2109664457
2109664458
2109664459
2109664460
2109664461
2109664462
2109664463
2109664464
2109664465
2109664466
2109664467
2109664468
2109664469
2109664470
2109664471
2109664472
2109664473
2109664474
2109664475
2109664476
2109664477
2109664478
2109664479
2109664480
2109664481
2109664482
2109664483
2109664484
2109664485
2109664486
2109664487
2109664488
2109664489
2109664490
2109664491
2109664492
2109664493
2109664494
2109664495
2109664496
2109664497
2109664498
2109664499
2109664501
2109664502
2109664503
2109664504
2109664505
2109664506
2109664507
2109664508
2109664509
2109664510
2109664511
2109664512
2109664513
2109664514
2109664515
2109664516
2109664517
2109664518
2109664519
2109664520
2109664521
2109664522
2109664523
2109664524
2109664525
2109664526
2109664527
2109664528
2109664529
2109664530
2109664531
2109664532
2109664533
2109664534
2109664535
2109664536
2109664537
2109664538
2109664539
2109664540
2109664541
2109664542
2109664543
2109664544
2109664545
2109664546
2109664547
2109664548
2109664549
2109664550
2109664551
2109664552
2132774925
2132774926
2132774927
2152341011
2152341398
2152341404
2152341417
2152341586
2152341590
2152341591
2152341592
2152341594
2152341601
2152341604
2152341605
2152341606
2152341608
2152341611
2152341612
2152341613
2152341615
2152341616
2153304781
2153304876
2153304896
2157743402
2157743403
2157743404
2157743405
2157743406
2157743407
2157743413
2157745421
2157745422
2157745432
2159967722
2159967725
2162086249
2162086250
2162088498
2162088551
2162088552
2162088553
2162088554
2162088556
2162088557
2162902015
2162902016
2162902017
2162902018
2162902019
2162902020
2162902021
2162902022
2162902023
2162902024
2162902025
2162902026
2162902027
2162902028
2162902029
2162902030
2162902031
2162902032
2162902033
2162902034
2162902035
2162902036
2162902037
2162902039
2162902040
2162902041
2162902042
2162902043
2162902044
2162902045
2162902046
2162902047
2162902048
2162902049
2162902050
2162902051
2162902052
2162902053
2162902054
2162902055
2162902056
2162902057
2162902058
2162902059
2162902060
2162902061
2162902062
2162902063
2162902064
2162902065
2162902066
2162902067
2162902068
2162902069
2162902070
2162902071
2162902072
2162902073
2162902074
2162902075
2162902076
2162902077
2162902078
2162902079
2162902080
2162902081
2162902082
2162902083
2162902084
2162902085
2162902086
2162902087
2162902088
2162902089
2162902090
2162902091
2162902092
2162902093
2162902094
2162902095
2162902096
2162902097
2162902098
2162902099
2162902101
2162902102
2162902103
2162902104
2162902105
2162902106
2162902107
2162902108
2162902109
2162902110
2162902112
2162902113
2162902114
2162902115
2162902116
2162902117
2162902118
2162902119
2162902120
2162902121
2162902122
2162902123
2162902124
2162902125
2162902126
2162902127
2162902128
2162902129
2162902130
2162902131
2162902132
2162902133
2162902134
2162902135
2162902136
2162902137
2162902138
2162902139
2162902140
2174712203
2174712204
2174712205
2174712206
2174712207
2174712208
2174712209
2174712211
2174712212
2174712213
2174712214
2174712215
2174712216
2174712217
2174712218
2174712219
2174712275
2174712326
2174712327
2174712334
2174712339
2174712346
2174712347
2174712349
2174712353
2174712359
2174712361
2174712362
2174712365
2174712366
2174712368
2174712371
2174712372
2174712373
2174717770
2174870162
2174870163
2174870164
2174870165
2174870166
2174870168
2174870169
2174870170
2174870171
2174870172
2174870173
2174870174
2174870175
2174870176
2174870178
2174870179
2174870180
2174870181
2174870182
2174870183
2174870184
2174870185
2174870186
2174870188
2174870189
2174870190
2174870191
2174870192
2174870193
2174870194
2174870195
2174870196
2174870198
2174870199
2174870201
2174870202
2174870203
2174870204
2174870205
2174870206
2174870207
2174870208
2174870209
2174870210
2174870211
2174870212
2174870213
2174870214
2174870215
2174870216
2174870218
2174870219
2174870220
2174870221
2174870223
2174870224
2174870225
2174870226
2174870227
2174870228
2174870229
2174870230
2174870231
2174870232
2174870233
2174870234
2174870235
2174870237
2174870238
2174870239
2174870240
2174870241
2174870242
2174870243
2174870244
2174870245
2174870246
2174870247
2174870248
2174870249
2174870250
2174870251
2174870252
2174870253
2174870254
2174870255
2174870256
2174870257
2174870258
2174870259
2174870260
2174870261
2174870262
2174870263
2174870264
2174870265
2174870266
2182151012
2182151013
2182151014
2192096733
2192096742
2192096748
2202000217
2234444751
2242040342
2242040361
2242040364
2252173274
2253074331
2253074332
2282008544
2282008545
2282008546
2312162004
2312162005
2312162060
2342301855
2398429794
2398429795
2398429796
2402192243
2402192254
2402192278
2402192358
2402192375
2402192378
2402192393
2484500695
2484500697
2484500703
2484500704
2484500711
2484500718
2484500720
2484500721
2485099577
2485099578
2485099579
2485099580
2485099581
2485099582
2485099583
2485099584
2485099585
2485099586
2485099587
2485099588
2485099589
2485099590
2485099591
2485099592
2485099593
2485099594
2485099596
2485099597
2485099598
2485099599
2485099601
2485099602
2485099603
2485099604
2485099605
2485099606
2485099607
2485099608
2485099609
2485099610
2485099611
2485099612
2485099613
2485099614
2485099615
2485099616
2485099617
2485099618
2485099619
2485099620
2485099621
2485099622
2485099623
2485099624
2485099625
2485099626
2485099627
2485099628
2485099629
2485099630
2485099631
2485099632
2485099633
2485099634
2485099635
2485099636
2485099637
2485099638
2485099639
2485099640
2485099641
2485099642
2485099643
2485099644
2485099645
2485099646
2485099647
2485099648
2485099649
2485099650
2485099651
2485099652
2485099653
2485099654
2485099655
2485099656
2485099657
2485099658
2485099659
2485099660
2485099661
2485099662
2485099663
2485099664
2485099665
2485099667
2485099668
2485099669
2485099670
2485099671
2485099672
2485099673
2485099674
2485099675
2485099676
2485099677
2485099678
2485099679
2485099680
2485099681
2485099682
2485099683
2485099684
2485099685
2485099686
2485099687
2485099688
2485099689
2485099690
2485099691
2485099692
2485099693
2485099694
2485099695
2485099696
2485099697
2485099698
2485099699
2485099701
2485099702
2485099703
2485099704
2512204075
2512204077
2512204079
2512204082
2512204201
2512205134
2512205141
2512205143
2512205146
2512205148
2512205152
2512205158
2512205160
2512205163
2512501489
2512501497
2512503372
2512503375
2512504752
2512504753
2512504754
2512504755
2512504756
2512504757
2512504758
2512504759
2512504760
2512504761
2512504762
2512504763
2512504764
2512504765
2512504766
2512504767
2512504768
2512504769
2512504770
2512504771
2512504772
2512504773
2512504774
2512504775
2512504776
2512504778
2512504779
2512504780
2512504781
2512504782
2512504783
2512504784
2512504785
2512504786
2512504787
2512504788
2512504789
2512504790
2512504791
2512504792
2512504793
2512504794
2512504795
2512504796
2512504797
2512504798
2512504799
2512504802
2512504803
2512504804
2512504805
2512504806
2512504807
2512504808
2512504809
2512504810
2512504811
2512504812
2512504813
2512504814
2512504815
2512504816
2512504817
2512504818
2512504819
2512504820
2512504821
2512504822
2512504823
2512504824
2512504825
2512504826
2512504827
2512504828
2512504829
2512504830
2512504831
2512504832
2512504833
2512504834
2512504835
2512504836
2512504837
2512504838
2512504839
2512504840
2512504841
2512504842
2512504843
2512504844
2512504845
2512504846
2512504847
2512504848
2512504849
2512504850
2512504851
2512504852
2512504853
2512504854
2512504855
2512504856
2512504857
2512504858
2512504859
2512504860
2512504861
2512504862
2512504863
2512504864
2512504865
2512504866
2512504867
2512504868
2527877347
2527877350
2527877351
2527877352
2527877353
2527877354
2527877355
2527877356
2527877357
2527877360
2527877361
2527877362
2527877364
2527877365
2527877366
2527877367
2527877370
2527877371
2527877372
2527877373
2527877374
2527877375
2527877376
2527877377
2527877380
2527877381
2527877382
2527877383
2527877384
2527877385
2527877386
2527877387
2527877390
2527877391
2527877392
2527877393
2527877394
2527877395
2527877396
2527877397
2527877401
2527877402
2527877403
2527877404
2527877405
2527877406
2527877407
2527877410
2527877411
2527877412
2527877413
2527877414
2527877415
2527877416
2527877417
2527877420
2527877421
2527877422
2527877423
2527877424
2527877425
2527877426
2527877427
2527877430
2527877431
2527877432
2527877433
2527877434
2527877435
2527877436
2527877440
2527877441
2527877442
2527877443
2527877445
2527877446
2527877447
2527877450
2527877451
2527877452
2527877453
2527877454
2527877455
2527877456
2527877457
2527877460
2527877461
2527877462
2527877463
2527877464
2527877465
2527877466
2527877467
2527877470
2527877471
2527877472
2527877473
2527877474
2527877475
2527877476
2527877477
2527877480
2527877481
2527877482
2527877483
2527877484
2527877485
2527877486
2527877487
2527877490
2527877491
2527877492
2527877493
2527877494
2527877495
2527877496
2527877497
2527877501
2527877502
2527877503
2527877504
2527877505
2527877506
2527877507
2527877510
2527877511
2527877512
2527877513
2527877514
2527877515
2527877516
2527877517
2532014759
2532014764
2532014767
2542491597
2542491598
2542491599
2542491601
2542491602
2542491603
2542491604
2542491605
2542491606
2542491607
2542491608
2542491609
2542491610
2542491611
2542491612
2542491613
2542491614
2542491615
2542491616
2542491617
2542491618
2542491619
2542491620
2542491621
2542491622
2542491623
2542491624
2542491625
2542491626
2542491627
2542491628
2542491629
2542491630
2542491631
2542491632
2542491633
2542491634
2542491635
2542491636
2542491637
2542491638
2542491639
2542491640
2542491641
2542491642
2542491643
2542491644
2542491645
2542491646
2542491647
2542491648
2542491649
2542491650
2542491651
2542491652
2542491653
2542491654
2542491655
2542491656
2542491657
2542491658
2542491659
2542491660
2542491661
2542491662
2542491663
2542491664
2542491665
2542491667
2542491668
2542491669
2542491670
2542491671
2542491672
2542491673
2542491674
2542491675
2542491676
2542491677
2542491678
2542491679
2542491680
2542491681
2542491682
2542491683
2542491684
2542491685
2542491686
2542491687
2542491688
2542491689
2542491690
2542491691
2542491692
2542491693
2542491694
2542491695
2542491696
2542491697
2542491698
2542491699
2542491701
2542491702
2542491703
2542491704
2542491705
2542491706
2542491707
2542491708
2542491709
2542491710
2542491711
2542491712
2542491713
2542491714
2542491715
2542491716
2542491717
2542491718
2542491719
2542491720
2542491721
2542491722
2542491723
2542491724
2542491725
2542491726
2542491727
2542491728
2542491729
2542491730
2542491731
2562892785
2562892786
2562910966
2562910968
2562910973
2562910974
2562974829
2562974830
2562974831
2562974832
2562974833
2562974834
2562974835
2562974836
2562974837
2562974838
2562974839
2562974840
2562974841
2562974842
2562974843
2562974844
2562974845
2562974846
2562974847
2562974848
2562974849
2562974850
2562974851
2562974852
2562974853
2562974854
2562974855
2562974856
2562974857
2562974858
2562974859
2562974860
2562974861
2562974862
2562974863
2562974864
2562974865
2562974866
2562974867
2562974868
2562974869
2562974870
2562974871
2562974872
2562974873
2562974874
2562974875
2562974876
2562974877
2562974879
2562974880
2562974881
2562974882
2562974883
2562974884
2562974885
2562974886
2562974887
2562974889
2562974890
2562974891
2562974892
2562974893
2562974894
2562974895
2562974896
2562974897
2562974898
2562974899
2562974901
2562974902
2562974903
2562974904
2562974905
2562974906
2562974907
2562974908
2562974909
2562974910
2562974911
2562974912
2562974913
2562974914
2562974915
2562974916
2562974917
2562974918
2562974919
2562974920
2562974921
2562974922
2562974923
2562974924
2563429074
2563429075
2563429076
2563429077
2563429078
2563429079
2563429080
2563429081
2563429082
2563429083
2563429084
2563429085
2563429086
2563429087
2563429088
2563429089
2563429090
2563429091
2563429092
2563429093
2563429094
2563429095
2563429096
2563429097
2563429098
2563429099
2563429101
2563429102
2563429103
2563429105
2563429106
2563429107
2563429108
2607862693
2622050123
2622050124
2622050125
2672141047
2673101818
2673101819
2673101820
2673101821
2673101822
2673101825
2673101831
2673103223
2673103296
2673103297
2673103298
2673103302
2673103303
2673103305
2673103307
2673103309
2673103314
2673234383
2673234385
2673610762
2673610766
2673610772
2673610774
2673610792
2673611132
2673611146
2673611157
2673611164
2673611167
2673611168
2673611174
2673611613
2673611614
2673611615
2673611616
2673611617
2673611618
2673611619
2673611620
2673611621
2673611622
2673611623
2673611624
2673611625
2673611626
2673611627
2673611628
2673611629
2673611630
2673611631
2673611632
2673611633
2673611634
2673611635
2673611636
2673611637
2673611638
2673611639
2673611640
2673611641
2673611642
2673611643
2673611644
2673611660
2673611661
2673611662
2673611663
2673666497
2673666498
2673666499
2673666501
2673666502
2673666503
2673666504
2673666505
2673666506
2673666507
2673666508
2673666509
2673666510
2673666511
2673666512
2673666513
2673666514
2673666515
2673666516
2673666517
2673666518
2673666519
2673666520
2673666521
2673666522
2673666523
2673666524
2673666525
2673666526
2673666527
2673666528
2673666529
2673666530
2673666531
2673666532
2673666533
2673666534
2673666535
2673666536
2673666537
2673666538
2673666539
2673666540
2673666541
2673666542
2673666543
2673666544
2673666545
2673666546
2673666547
2673666548
2673666549
2673666550
2673666551
2673666552
2673666553
2673666554
2673666556
2673666557
2673666558
2673666559
2673666560
2673666561
2673666562
2692314076
2692314077
2692314078
2702017886
2702017887
2702017889
2722004439
2762182473
2762182474
2762182475
2816126035
2816126036
2816126037
2816126038
2816126040
2816126045
2816126049
3012352588
3012352589
3012352590
3012352591
3012352592
3012352593
3012352594
3012352595
3012352596
3012352597
3012352598
3012352599
3012352601
3012352602
3012352603
3012352604
3012352605
3012352606
3012352607
3012352608
3012352609
3012352610
3012352611
3012352612
3012352613
3012352614
3012352615
3012352616
3012352617
3012352618
3012352619
3012352620
3012352621
3012352622
3012352623
3012352624
3012352625
3012352626
3012352627
3012352628
3012352629
3012352630
3012352631
3012352632
3012352633
3012352634
3012352635
3012352636
3012352637
3012352638
3012352639
3012352640
3012352641
3012352642
3012352643
3012352644
3012352645
3012352646
3012352647
3012352648
3012352649
3012352650
3012352651
3012352652
3012352653
3012352654
3012352655
3012352656
3012352657
3012352658
3012352659
3012352660
3012352661
3012352662
3012352663
3012352664
3012352665
3012352667
3012352668
3012352669
3012352670
3012352671
3012352672
3012352673
3012352674
3012352675
3012352676
3012352677
3012352678
3012352679
3012352680
3012352681
3012352682
3012352683
3012352684
3012352685
3012352686
3012352687
3012352688
3012352689
3012352690
3012352691
3012352692
3012352693
3012352694
3012352695
3012352696
3012352697
3012352698
3012352699
3012352701
3012352702
3012352703
3012352704
3012352705
3012352706
3012352707
3012352708
3012352709
3012352710
3012352711
3012352712
3012352713
3012352714
3012352715
3012352716
3012352717
3012352718
3012352719
3012352720
3012352721
3012352722
3012352723
3012352724
3012352725
3012352726
3012352727
3012352728
3012352729
3012352730
3012352731
3012352732
3012352733
3012352734
3012352735
3012352736
3012352737
3012352738
3012352739
3012352740
3012352741
3012352742
3012352743
3012352744
3012352745
3012352746
3012352747
3012352748
3012352749
3012352750
3012352751
3012352752
3012352753
3012352754
3012352755
3012352756
3012352757
3012352758
3012352759
3012352760
3012352761
3012352762
3012352763
3012352764
3012352765
3012352766
3012352767
3012352768
3012352769
3012352770
3012352771
3012352772
3012352773
3012352774
3012352775
3012352776
3012352778
3012352779
3012352780
3012352781
3012352782
3012352783
3012352784
3012352785
3012352786
3012352787
3012352788
3012352789
3012352790
3012352791
3012352792
3012352793
3012352794
3012352795
3012352796
3012352797
3012352798
3012352799
3012352801
3012352802
3012352803
3012352804
3012352805
3012352806
3012352807
3012352808
3012352809
3012352810
3012352811
3012352812
3012352813
3012352814
3012352815
3012352816
3012352817
3012352818
3012352819
3012352820
3012352821
3012352822
3012352823
3012352824
3012352825
3012352826
3012352827
3012352828
3012352829
3012352830
3012352831
3012352832
3012352833
3012352834
3012352835
3012352836
3012352837
3012352838
3012352839
3012352840
3012352841
3012352842
3012352843
3012352844
3012352845
3012352846
3012352847
3012352848
3022020151
3022020154
3022020156
3022020158
3022020159
3022020161
3022020164
3022020167
3022020172
3022020174
3022020176
3022020735
3022020739
3022020741
3042493280
3042493285
3042493287
3042493291
3042493324
3042493345
3042493364
3042493367
3042493371
3042493377
3042493382
3042493389
3042493393
3042493397
3082102343
3092456613
3092456614
3092456615
3125359726
3125359727
3125359728
3132510563
3132510569
3132510573
3132510578
3132510581
3132510582
3132510585
3132510590
3132512044
3132512045
3132512047
3132512048
3132512050
3132512051
3132512053
3132512058
3132512059
3132512060
3132512695
3132512705
3132512738
3132512739
3132512748
3132512749
3132512750
3132512752
3132512753
3132512754
3132517554
3132517557
3133562064
3133562065
3133562066
3133562067
3133562068
3133562069
3133562070
3133562071
3133562072
3133562073
3133562074
3133562075
3133562076
3133562077
3133562078
3133562079
3133562080
3133562081
3133562082
3133562083
3133562084
3133562085
3133562086
3133562087
3133562088
3133562089
3133562090
3133562091
3133562092
3133562093
3133562094
3133562095
3133562096
3133562097
3133562098
3133562099
3133562101
3133562102
3133562103
3133562104
3133562105
3133562106
3133562107
3133562108
3133562109
3133562110
3133562112
3133562113
3133562114
3133562115
3133562116
3133562117
3133562118
3133562119
3133562120
3133562121
3133562122
3133562123
3133562124
3133562125
3133562126
3133562127
3133562128
3133562129
3133562130
3133562131
3133562132
3133562133
3133562134
3133562135
3133562136
3133562137
3133562138
3133562139
3133562140
3133562141
3133562142
3133562143
3133562144
3133562145
3133562146
3133562147
3133562148
3133562149
3133562150
3133562151
3133562152
3133562153
3133562154
3133562155
3133562156
3133562157
3133562158
3133562159
3133562160
3133562161
3133562162
3133562163
3133562164
3133562165
3133562166
3133562167
3133562168
3133562169
3133562170
3133562171
3133562172
3133562173
3133562174
3133562175
3133562176
3133562177
3133562178
3133562179
3133562180
3133562181
3133562182
3133562183
3133562184
3133562185
3133562186
3133562187
3133562188
3133562189
3133562190
3133562191
3133562192
3133562193
3133562194
3133562195
3133562196
3133562197
3133562198
3133562199
3133562201
3133562202
3133562203
3133562204
3133562205
3133562206
3133562207
3133562208
3133562209
3133562210
3133562211
3133562212
3133562213
3133562214
3133562215
3133562216
3133562217
3133562218
3133562219
3133562220
3133562221
3133562223
3133562224
3133562225
3133562226
3133562227
3133562228
3133562229
3133562230
3133562231
3133562232
3133562233
3133562234
3133562235
3133562236
3133562237
3133562238
3133562239
3133562240
3133562241
3133562242
3133562243
3133562244
3133562245
3133562246
3133562247
3133562248
3133562249
3133562250
3133562251
3133562252
3133562253
3133562254
3133562255
3133562256
3133562257
3133562258
3133562259
3133562260
3133562261
3133562262
3133562263
3133562264
3133562265
3133562266
3133562267
3133562268
3133562269
3133562270
3133562271
3133562272
3133562273
3133562275
3133562276
3133562278
3133562279
3133562280
3133562281
3133562282
3133562283
3133562284
3133562285
3133562286
3133562287
3133562288
3133562289
3133562290
3133562291
3133562292
3133562293
3133562294
3133562295
3133562296
3133562297
3133562298
3133562299
3133562301
3133562302
3133562303
3133562304
3133562305
3133562306
3133562307
3133562308
3133562309
3133562310
3133562311
3133562312
3133562313
3133562314
3142072652
3142072747
3142072749
3142072750
3142072752
3142072754
3142072756
3142072760
3142074836
3142074844
3142079665
3142079669
3142701387
3142701388
3142701389
3142701390
3142701391
3142701392
3142701393
3142701394
3142701395
3142701396
3142701397
3142701398
3142701399
3142701401
3142701402
3142701403
3142701404
3142701405
3142701406
3142701407
3142701408
3142701409
3142701410
3142701411
3142701412
3142701413
3142701414
3142701415
3142701416
3142701417
3142701418
3142701419
3142701420
3142701421
3142701422
3142701423
3142701424
3142701425
3142701426
3142701427
3142701428
3142701429
3142701430
3142701431
3142701432
3142701433
3142701434
3142701435
3142701436
3142701437
3142701438
3142701439
3142701440
3142701441
3142701442
3142701443
3142701445
3142701446
3142701447
3142701448
3142701449
3142701450
3142701451
3142701452
3142701453
3142701454
3142701455
3142701456
3142701457
3142701458
3142701459
3142701460
3142701461
3142701462
3142701463
3142701464
3142701465
3142701466
3142701467
3142701468
3142701469
3142701470
3142701471
3142701472
3142701473
3142701474
3143101936
3143101952
3143101954
3143101962
3145825617
3145825618
3145825619
3145825620
3145825621
3145825622
3145825623
3145825624
3145825625
3145825626
3145825628
3145825629
3145825630
3145825631
3145825632
3145825633
3145825634
3145825635
3145825636
3145825637
3145825638
3145825639
3145825640
3145825641
3145825642
3145825643
3145825644
3145825645
3145825646
3145825647
3152321170
3152321171
3152321172
3152321173
3152321174
3152321175
3152321176
3152321177
3152321178
3152321179
3152321180
3152321181
3152321182
3152321183
3152321184
3152321185
3152321186
3152321187
3152321188
3152321189
3152321190
3152321191
3152321192
3152321193
3152321194
3152321195
3152321196
3152321197
3152321198
3152321199
3152321201
3152321202
3152321203
3152321204
3152321205
3152321206
3152321207
3152321208
3152321209
3152321210
3152321211
3152321212
3152321213
3152321214
3152321215
3152321216
3152321217
3152321218
3152321219
3152321220
3152321221
3152321223
3152321224
3152321225
3152321226
3152321227
3152321228
3152321229
3152321230
3152321231
3152321232
3152321233
3152321235
3152321236
3152321237
3152321238
3152321239
3152321240
3152321241
3152321242
3152321243
3152321244
3152321245
3152321246
3152321247
3152321248
3152321249
3152328383
3152328384
3152328385
3152328386
3152328387
3152328388
3152328389
3152328390
3152328391
3152328392
3152328393
3152328394
3152328395
3152328396
3152328397
3153229399
3153229402
3153229404
3153229405
3153229415
3153229426
3153229432
3153229447
3153229455
3153229586
3153229589
3153229597
3153229599
3153229605
3153229752
3153229756
3153259520
3153259529
3153259550
3153259551
3153259554
3153259559
3153259567
3153259580
3153259587
3153259591
3153259602
3153259630
3153259647
3153259655
3153259659
3153329451
3153329470
3153329486
3153329490
3153329491
3153329797
3153329798
3153329799
3153329820
3173420285
3173420301
3173421256
3173421257
3173421258
3173421262
3176481349
3176481350
3176481351
3176481352
3176481353
3176481354
3176481355
3176481356
3176481357
3176481358
3176481359
3176481360
3176481361
3176481362
3176481363
3176481364
3176481365
3176481366
3176481367
3176481368
3176481369
3176481370
3176481371
3176481372
3176481373
3176481374
3176481375
3176481376
3176481377
3176481378
3176481379
3176481380
3176481381
3176481382
3176481383
3176481384
3176481385
3176481386
3176481387
3176481388
3176481389
3176481390
3176481391
3176481392
3176481393
3176481394
3176481395
3176481396
3176481397
3176481398
3176481399
3176481401
3176481402
3176481403
3176481404
3176481405
3176481406
3176481407
3176481408
3176481409
3176481410
3176481411
3176481412
3176481413
3176481414
3176481415
3176481416
3176481417
3176481418
3176481419
3176481420
3176481421
3176481422
3176481423
3176481424
3176481425
3176481426
3176481427
3176481428
3176481429
3176481430
3176481431
3176481432
3176481433
3176481434
3176481435
3176481436
3176481437
3176481438
3176481439
3176481440
3176481441
3176481442
3176481443
3176481445
3176481446
3176481447
3176481448
3176481449
3176481450
3176481451
3176481452
3176481453
3176481454
3176481455
3176481456
3176481457
3176481458
3176481459
3176481460
3176481461
3176481462
3176481463
3176481464
3176481465
3176481466
3176481467
3176481468
3176481469
3176481470
3176481471
3176481472
3176481473
3176481474
3176481475
3176481476
3182259028
3182259029
3182259030
3182259031
3182578420
3182578421
3182578422
3182578423
3182578424
3182578425
3182578426
3182578427
3182578428
3182578429
3182578430
3182578431
3182578432
3182578433
3182578434
3182578435
3182578436
3182578437
3182578438
3182578439
3182578440
3182578441
3182578442
3182578443
3182578445
3182578446
3182578447
3182578448
3182578449
3182578450
3182578451
3182578452
3182578453
3182578454
3182578455
3182578456
3182578457
3182578458
3182578459
3182578460
3182578461
3182578462
3182578463
3182578464
3182578465
3182578466
3182578467
3182578468
3182578469
3182578470
3182578471
3182578472
3182578473
3182578474
3182578475
3182578476
3182578477
3182578478
3182578479
3182578480
3182578481
3182578482
3182578483
3182578484
3182578485
3182578486
3182578487
3182578488
3182578489
3182578490
3182578491
3182578492
3182578493
3182578494
3182578495
3182578496
3182578497
3182578498
3182578499
3182578501
3182578502
3182578503
3182578504
3182578505
3182578506
3182578507
3182578508
3182578509
3182578510
3182578511
3182578512
3182578513
3182578514
3182578515
3182578516
3182578517
3182578518
3182578519
3182578520
3182578521
3182578522
3182578523
3182578524
3182578525
3182578526
3182578527
3182578528
3182578529
3182578530
3182578531
3182578532
3182578533
3182578534
3182578535
3182578536
3182578537
3182578538
3182578539
3182578540
3182578541
3182578542
3182578543
3182578544
3182578545
3182578546
3182578547
3182578548
3182578549
3192467852
3192467853
3192467854
3203131328
3212183515
3212738210
3212738211
3232187818
3232187822
3232187826
3232187828
3232187834
3232187836
3232187837
3232187838
3232187840
3233105657
3235301516
3235301517
3235301518
3235301519
3235301520
3235301521
3235301522
3235301523
3235301524
3235301525
3235301526
3235301527
3235301528
3235301529
3235301530
3235301531
3235301532
3235301533
3235301534
3235301535
3235301536
3235301537
3235301538
3235301539
3235301540
3235301541
3235301542
3235301543
3235301544
3235301545
3235301546
3235301547
3235301548
3235301549
3235301550
3235301551
3235301552
3235301553
3235301554
3235301556
3235301557
3235301558
3235301559
3235301560
3235301561
3235301562
3235301563
3235301564
3235301565
3235301566
3235301567
3235301568
3235301569
3235301570
3235301571
3235301572
3235301573
3235301574
3235301575
3235301576
3235301577
3235301578
3235301579
3235301580
3235301581
3235301582
3235301583
3235301584
3235301585
3235301586
3235301587
3235301588
3235301589
3235301590
3235301591
3235301592
3235301593
3235301594
3235301595
3235301596
3235301597
3235301598
3235301599
3235301601
3235301602
3235301603
3235301604
3235301605
3235301606
3235301607
3235301608
3235301609
3235301610
3235301611
3235301612
3235301613
3235301614
3235301615
3235301616
3235301617
3235301618
3235301619
3235301620
3235301621
3235301622
3235301623
3235301624
3235301625
3235301626
3235301627
3235301628
3235301629
3235301630
3235301631
3235301632
3235301633
3235301634
3235301635
3235301636
3235301637
3235301638
3235301639
3252387808
3308465751
3308465752
3308465753
3308465754
3308465755
3308465756
3308465757
3312360734
3342311403
3342311424
3342311447
3342311448
3342311917
3342311928
3342311947
3342311952
3342315172
3342315176
3342315191
3342315205
3342315214
3342315227
3342315246
3342315248
3342315270
3342315281
3342315309
3342315480
3342315522
3342315525
3342315543
3342315545
3342315551
3342315558
3342315576
3342315577
3342315579
3342315593
3342315605
3342315608
3342315621
3342315628
3342315632
3342315644
3342315672
3342315677
3342315726
3342319001
3342319002
3342319003
3342319004
3342319005
3342319006
3342319007
3342319008
3342319009
3342319010
3342319011
3342319012
3342319013
3342319014
3342319015
3342319016
3342319017
3342319018
3342319019
3342319020
3342319021
3342319022
3342319023
3342319024
3342319025
3342319026
3342319027
3342319028
3342319029
3342319030
3342319031
3342319032
3342319033
3342319034
3342319035
3342319036
3342319037
3342319038
3342319039
3342319040
3342319041
3342319042
3342319043
3342319044
3344871899
3344871901
3344871902
3344871903
3344871904
3344872060
3344872061
3344872062
3344872063
3344872064
3344872065
3344872066
3344872067
3344872068
3344872069
3344872070
3344872071
3344872072
3344872073
3344872074
3344872075
3344872076
3344872077
3344872078
3344872079
3344872080
3344872081
3344872082
3344872083
3344872084
3344872085
3344872086
3344872087
3344872088
3344872089
3344872090
3344872091
3344872092
3344872093
3344872094
3344872095
3344872096
3344872097
3344872098
3344872099
3344872101
3344872102
3344872103
3344872104
3362030317
3362030318
3362030652
3362030660
3362030663
3362030664
3362030668
3362030671
3362030672
3362030674
3362031259
3362031261
3362031262
3362031265
3362031266
3362031268
3362031269
3362031270
3362031407
3362031408
3362031412
3362031464
3362031466
3362031467
3362031468
3362031469
3362031470
3362031471
3362031477
3362031478
3362031479
3362031480
3362035298
3362035621
3362036159
3362036164
3363447524
3363447537
3363447543
3363447550
3363447725
3363447730
3363447733
3363447736
3363447746
3363447747
3363447748
3363447762
3363447773
3363962533
3363962565
3363962723
3363962727
3363962728
3363962729
3363962730
3363962737
3363962762
3363966090
3363966091
3363966092
3363966093
3363966094
3363966095
3363966096
3363966097
3363966098
3363966099
3363966101
3363966102
3363966103
3363966104
3363966105
3363966106
3363966107
3363966108
3363966109
3363966110
3363966112
3363966113
3363966114
3363966115
3363966116
3363966117
3363966118
3363966119
3363966120
3363966121
3363966122
3363966123
3363966124
3363966125
3363966126
3363966127
3363966128
3363966129
3363966130
3363966131
3363966132
3363966133
3363966134
3363966135
3363966136
3363966137
3363966138
3363966139
3363966140
3363966141
3363966142
3363966143
3363966144
3363966145
3363966146
3363966147
3363966148
3363966149
3363966150
3363966151
3363966152
3363966153
3363966154
3363966155
3363966156
3363966157
3363966158
3363966159
3363966160
3363966161
3363966162
3363966163
3363966164
3363966165
3363966166
3363966167
3363966168
3363966169
3363966170
3363966171
3363966172
3363966173
3363966174
3363966175
3363966176
3363966177
3363966178
3363966179
3363966180
3363966181
3363966182
3363966183
3363966184
3363966185
3363966186
3363966187
3363966188
3363966189
3363966190
3363966191
3363966192
3363966193
3363966194
3363966195
3363966196
3363966197
3363966198
3363966199
3363966201
3363966202
3363966203
3363966204
3363966205
3363966206
3363966207
3363966208
3363966209
3363966210
3363966211
3363966212
3363966213
3363966214
3363966215
3363966216
3363966217
3363966218
3363966219
3363966220
3363966221
3363966223
3363966224
3363966225
3363966226
3363966227
3363966228
3363966229
3363966230
3363966231
3363966232
3363966233
3363966234
3363966235
3363966236
3363966237
3363966238
3363966239
3363966240
3363966241
3363966242
3363966243
3363966244
3363966245
3363966246
3363966247
3363966248
3363966249
3363966250
3363966251
3363966252
3363966253
3363966254
3363966255
3363966256
3363966257
3363966258
3363966259
3363966260
3363966261
3363966262
3363966263
3363966264
3363966265
3363966266
3363966267
3363966268
3363966269
3363966270
3363966271
3363966272
3363966273
3363966274
3363966275
3363966276
3363966277
3363966278
3363966279
3363966280
3363966281
3363966282
3363966283
3363966284
3363966285
3363966286
3363966287
3363966288
3363966289
3363966290
3363966291
3363966292
3363966293
3363966294
3363966295
3363966296
3363966297
3363966298
3363966299
3363966301
3363966302
3363966303
3363966304
3363966305
3363966306
3372239174
3372239175
3372239176
3372239178
3372260783
3372261307
3372261309
3372261314
3372261319
3372261322
3372261331
3372261337
3372261340
3372261346
3372261354
3372261376
3372261401
3372261421
3372261431
3372261432
3372261707
3372261711
3372261735
3372261740
3372261750
3372427197
3372427207
3372428041
3372428063
3372428067
3372428083
3372428088
3372428114
3372428117
3372428118
3372428123
3372428130
3372428332
3372428345
3372428359
3372428362
3372428458
3372428463
3372428465
3372428467
3372428468
3372428472
3372428495
3372428505
3372428506
3372428630
3372428752
3372428753
3372428771
3372428787
3372428790
3372428792
3372428802
3372428819
3372431714
3372431715
3372431716
3372431717
3372431718
3372431719
3372431720
3372431721
3372431722
3372431723
3372431724
3372431725
3372431726
3372431727
3372521847
3372521848
3372521849
3372521850
3372521851
3372521852
3372521853
3372521854
3372521855
3372521856
3372521857
3372521858
3372521859
3372521860
3372521861
3372521862
3372521863
3372521864
3372521865
3372521866
3372521867
3372521868
3372521869
3372521870
3372521871
3372521872
3372521873
3372521874
3372521875
3372521876
3372521877
3372521878
3372521879
3372521880
3372521881
3372521882
3372521883
3372521884
3372521885
3372521886
3372521887
3372521889
3372521890
3372521891
3372521892
3372521893
3372521894
3372521895
3372521896
3372521897
3372521898
3372521899
3372521901
3372521902
3372521903
3372521904
3372521905
3372521906
3372521907
3392090139
3462143055
3474346026
3474346068
3474346086
3474346093
3474346094
3474346097
3474346102
3512773134
3522510290
3522510768
3522510782
3522510805
3522510807
3522510821
3522510844
3522510845
3522510850
3522510851
3522510868
3522510872
3522510895
3522510899
3522510912
3522511348
3522511353
3522511357
3522511370
3522511380
3522511385
3522511389
3522680141
3522680151
3522680340
3522680345
3522680346
3522680352
3522680353
3522680369
3522680375
3522680394
3522680395
3522680401
3522680403
3522680409
3522680440
3522680446
3522680451
3522680465
3522680478
3522680517
3522680519
3522680520
3522680527
3522680529
3522680530
3522680543
3522680547
3522680551
3522680552
3522680561
3522680593
3522680594
3522680606
3522680612
3522680620
3522680621
3522680974
3522680978
3522680985
3522681011
3522681026
3522681027
3522681033
3522681053
3523293001
3523293002
3523293003
3523293004
3523293005
3523293006
3523293007
3523293008
3523293009
3523293010
3523293011
3523293012
3523293013
3523293014
3523293015
3523293016
3523293017
3523293018
3523293019
3523293020
3523293021
3523293022
3523293023
3523293024
3523293025
3523293026
3523293027
3523293028
3523293029
3523293030
3523293031
3523293032
3523293033
3523293034
3523293035
3523293036
3523293037
3523293038
3523293039
3523293040
3523293041
3523293042
3523293043
3523293044
3523293045
3523293046
3523293047
3523293048
3523293049
3523293050
3523293051
3523293052
3523293053
3523293054
3523293055
3523293056
3523293057
3523293058
3523293059
3523293060
3523293061
3523293062
3523293063
3523293064
3523293065
3523293066
3602031591
3602031592
3602031593
3612097424
3612097427
3612097428
3802223135
3852130601
3862040390
3862046034
3862046035
4012003797
4012003810
4012003812
4012003823
4012003827
4012003828
4012003831
4022415292
4022415343
4022415359
4052765871
4052765876
4052765878
4052765879
4052765880
4052765885
4052765887
4052765892
4052765895
4052765896
4052966708
4052966709
4052966710
4052966711
4052966712
4052966713
4052966714
4052966715
4052966716
4052966717
4052966718
4052966719
4052966720
4052966721
4052966722
4052966723
4052966724
4052966725
4052966726
4052966727
4052966728
4052966729
4052966730
4052966731
4052966732
4052966733
4052966734
4052966735
4052966736
4052966737
4052966738
4052966739
4052966740
4052966741
4052966742
4052966743
4052966744
4052966745
4052966746
4052966747
4052966748
4052966749
4052966750
4052966751
4052966752
4052966753
4052966754
4052966755
4052966756
4052966757
4052966758
4052966759
4052966760
4052966761
4052966762
4052966763
4052966764
4052966765
4052966766
4052966767
4052966768
4052966769
4052966770
4052966771
4052966772
4052966773
4052966774
4052966775
4052966776
4052966778
4052966779
4052966780
4052966781
4052966782
4052966783
4052966784
4052966785
4052966786
4052966787
4052966788
4052966789
4052966790
4052966791
4052966792
4052966793
4052966794
4052966795
4052966796
4052966797
4052966798
4052966799
4052966801
4052966802
4052966803
4052966804
4052966805
4052966806
4052966807
4052966808
4052966809
4052966810
4052966811
4052966812
4052966813
4052966814
4052966815
4052966816
4052966817
4052966818
4052966819
4052966820
4052966821
4052966822
4052966823
4052966824
4052966825
4052966826
4052966827
4052966828
4052966829
4052966830
4052966831
4063003645
4063003646
4063003647
4072582633
4072582638
4072582640
4072582644
4073153536
4073153537
4073153538
4073153539
4073153540
4073153541
4073153542
4073153543
4073153544
4073153545
4073153546
4073153547
4073153548
4073153549
4073153550
4073153551
4073153552
4073153553
4073153554
4073153556
4073153557
4073153558
4073153559
4073153560
4073153561
4073153562
4073153563
4073153564
4073153565
4073153566
4073153567
4073153568
4073153569
4073153570
4073153571
4073153572
4073153573
4073153574
4073153575
4073153576
4073153577
4073153578
4073153579
4073153580
4073153581
4073153582
4073153583
4073153584
4073153585
4073153586
4073153587
4073153588
4073153589
4073153590
4073153591
4073153592
4073153593
4073153594
4073153595
4073153596
4073153597
4073153598
4073153599
4073153601
4073153602
4073153603
4073153604
4073153605
4073153606
4073153607
4073153608
4073153609
4073153610
4073153611
4073153612
4073153613
4073153614
4073153615
4073153616
4073153617
4073153618
4073153619
4073153620
4073153621
4073153622
4073153623
4073153624
4073153625
4073153626
4073153627
4073153628
4073153629
4073153630
4073153631
4073153632
4073153633
4073153634
4073153635
4073153636
4073153637
4073153638
4073153639
4073153640
4073153641
4073153642
4073153643
4073153644
4073153645
4073153646
4073153647
4073153648
4073153649
4073153650
4073153651
4073153652
4073153653
4073153654
4073153655
4073153656
4073153657
4073153658
4073153659
4073153660
4073153661
4073153662
4073153663
4073153664
4073153665
4092045001
4092045002
4092045003
4102376715
4102376716
4102673843
4102673956
4102673958
4102673961
4102673964
4102673965
4102673966
4102673967
4102674122
4102674124
4102674125
4102674131
4102674152
4102674153
4102674154
4102674155
4102674156
4102674157
4102674163
4102674165
4102674166
4102674167
4102674780
4103046917
4103046918
4103046919
4103046920
4103046921
4103046922
4103046923
4103046924
4103046925
4103046926
4103046927
4103046928
4103046929
4103046930
4103046931
4103046932
4103046933
4103046934
4103046935
4103046936
4103046937
4103046938
4103046939
4103046940
4103046941
4103046942
4103046943
4103046944
4103046945
4103046946
4103046947
4103046948
4103046949
4103046950
4103046951
4103046952
4103046953
4103046954
4103046955
4103046956
4103046957
4103046958
4103046959
4103046960
4103046961
4103046962
4103046963
4103046964
4103046965
4103046966
4103046967
4103046968
4103046969
4103046970
4103046971
4103046972
4103046973
4103046974
4103046975
4103046976
4103046977
4103046978
4103046979
4103046980
4103046981
4103046982
4103046983
4103046984
4103046985
4103046986
4103046987
4103046988
4103046989
4103046990
4103046991
4103046992
4103046993
4103046994
4103046995
4103046996
4103046997
4103046998
4103460513
4103460516
4103460523
4103460527
4103460530
4103460542
4103460546
4103460553
4104018303
4104018313
4104018320
4104018326
4104018332
4104018940
4104018941
4104018942
4104018943
4104018944
4104018945
4104018946
4104018947
4104018948
4104018950
4104018951
4104018952
4122147228
4122147429
4122147432
4132166545
4132166546
4132166547
4142061250
4142061252
4142061253
4174092224
4174092225
4174092226
4199717128
4199717130
4199717131
4199717133
4199717135
4199717136
4199717137
4233974292
4233974293
4233974294
4233974295
4233974296
4233974298
4233974299
4233974301
4233974302
4233974303
4233974304
4233974305
4233974306
4233974307
4233974308
4233974309
4233974310
4233974311
4233974312
4233974313
4233974314
4233974315
4233974316
4233974317
4233974318
4233974319
4233974320
4233974322
4233974323
4233974324
4233974325
4233974326
4233974327
4233974328
4233974329
4233974330
4233974331
4233974332
4233974334
4233974335
4233974336
4233974337
4233974338
4233974339
4233974340
4233974341
4233974342
4233974343
4233974344
4233974345
4233974346
4233974347
4233974348
4233974349
4233974350
4233974351
4233974352
4233974353
4233974354
4233974355
4233974356
4233974357
4233974358
4233974359
4233974360
4233974361
4233974362
4233974363
4233974364
4233974365
4233974366
4233974367
4233974368
4233974369
4233974370
4233974371
4233974372
4233974373
4233974374
4233974375
4233974376
4233974377
4233974378
4233974379
4233974380
4233974381
4233974382
4233974383
4233974384
4233974385
4233974386
4233974387
4233974388
4233974389
4233974390
4233974391
4233974392
4233974393
4233974394
4233974395
4233974396
4233974397
4233974398
4233974399
4233974401
4233974402
4233974403
4233974404
4233974405
4233974406
4233974407
4233974408
4233974409
4233974410
4233974411
4233974412
4233974413
4233974414
4233974415
4233974416
4233974417
4233974418
4233974419
4233974420
4233974421
4233974422
4233974423
4233974424
4233974425
4233974426
4233974427
4233974428
4233974429
4233974430
4233974431
4233974432
4233974433
4233974434
4233974435
4233974436
4233974437
4233974438
4233974439
4233974440
4233974441
4233974442
4233974443
4233974445
4233974446
4233974447
4233974448
4233974449
4233974450
4233974451
4233974452
4233974453
4233974454
4233974455
4233974456
4233974457
4233974458
4233974459
4233974460
4233974461
4233974462
4233974463
4233974464
4233974465
4233974466
4233974467
4233974468
4233974469
4233974470
4233974471
4233974472
4233974473
4233974474
4233974475
4233974476
4233974477
4233974478
4233974479
4233974480
4233974481
4233974482
4233974483
4233974484
4233974485
4233974486
4233974487
4233974488
4233974489
4233974490
4233974491
4233974492
4233974493
4233974494
4233974495
4233974496
4233974497
4233974498
4233974499
4233974501
4233974502
4233974503
4233974504
4233974505
4233974506
4233974507
4233974508
4233974509
4233974510
4233974511
4233974512
4233974513
4233974514
4233974515
4233974516
4233974517
4233974518
4233974519
4233974520
4233974521
4233974522
4233974523
4233974524
4233974525
4233974526
4233974527
4233974528
4233974529
4233974530
4233974531
4233974532
4233974533
4233974534
4233974535
4233974536
4233974537
4233974538
4233974539
4233974540
4233974541
4233974542
4233974543
4233974544
4233974545
4233974546
4233974547
4233974548
4233974549
4233974550
4233974551
4233974552
4233974553
4233974554
4233974556
4233974557
4233974558
4233974559
4233974560
4233974561
4233974562
4233974563
4233974564
4233974565
4242289965
4252150481
4302053182
4322239756
4343255756
4343255757
4343255758
4352227643
4402093717
4402093718
4402093721
4402093722
4402093725
4402093726
4402093731
4402093732
4402093740
4402093741
4402093742
4402093843
4402093848
4402093850
4402093851
4402093853
4402093854
4402095960
4402095962
4402095978
4402095995
4402095998
4402762136
4402762148
4402762166
4402762221
4402762223
4402762224
4402762225
4402762226
4402762227
4402762228
4402762229
4402762346
4402762356
4402762360
4402762369
4402762370
4402762371
4402762372
4402762373
4402762375
4402762376
4402762392
4402762403
4402762404
4402762408
4402762421
4402762425
4402762432
4402762436
4402762445
4402762452
4402762453
4402762454
4402762455
4402762456
4402762458
4402762477
4402762478
4402762487
4402762495
4402762507
4402762508
4402762524
4402762532
4402762536
4402762537
4402762538
4402762539
4402762540
4402762541
4402762545
4402762568
4402762593
4402762595
4402762596
4402762619
4402762627
4402762634
4402762636
4402763023
4402763028
4402763031
4402763046
4402763048
4402763056
4402763066
4402763071
4402763162
4402763163
4402763164
4402763165
4402763166
4404722542
4404722543
4404722544
4404722545
4404722546
4404722547
4404722548
4404722549
4404722550
4404722551
4404722552
4404722553
4404722554
4404722556
4404722557
4404722558
4404722559
4404722560
4404722561
4404722562
4404722563
4404722564
4404722565
4404722566
4404722567
4404722568
4404722569
4404722570
4404722571
4404722572
4404722573
4404722574
4404722575
4404722576
4404722577
4404722578
4404722579
4404722580
4422010115
4432140224
4432140225
4432140226
4432140227
4432140237
4432140238
4432140239
4432140240
4432140250
4432140260
4432140901
4432140909
4432140912
4432140915
4432140939
4432140943
4432274383
4432274391
4432274879
4432274880
4432274881
4432274882
4432274883
4432274884
4432274885
4432274886
4432274887
4432275493
4432275494
4432275495
4432275497
4432275499
4432275504
4432275505
4432348139
4432348147
4432348150
4432348151
4432348152
4432348153
4432348154
4432348155
4432348156
4432348157
4432348165
4432348168
4432348170
4432348171
4432348172
4432348173
4432348174
4432348239
4432348243
4432348275
4432348276
4432348277
4432348278
4432348279
4432348399
4432348401
4432348402
4432348403
4432348404
4432348405
4432348406
4432348407
4432348408
4432348409
4432348410
4432348411
4432348412
4432348413
4432348414
4432348415
4432348416
4432348417
4432348418
4432348419
4432348420
4432348421
4432348422
4432348423
4432348424
4432348425
4432348426
4432348427
4432348428
4432348429
4432348430
4432348431
4432348432
4432348433
4432348434
4432348435
4432348436
4432348437
4432348438
4432348439
4432348440
4432348441
4432348442
4432348443
4432348445
4432348446
4432348447
4432348448
4432348449
4432348450
4432348451
4432348452
4432348453
4432348454
4432348455
4432348456
4432348457
4432348458
4432348459
4432348460
4432348461
4432348462
4432348463
4432348464
4432348465
4432348466
4432348467
4432348468
4432348469
4432348470
4432348471
4432348472
4432348473
4432348474
4432348475
4432348476
4432348477
4432348478
4432348479
4432348480
4432348481
4432348482
4432348483
4432348484
4432348485
4432348486
4432348487
4432348488
4432348489
4432348490
4432348491
4432348492
4432348493
4432348494
4432348495
4432348496
4432348497
4432348498
4432348499
4432348501
4432348502
4432348503
4432348504
4432348505
4432348506
4432348507
4432348508
4432348509
4432348510
4432348511
4432348512
4432348513
4432348514
4432348515
4432348516
4432348517
4432348518
4432348519
4432348520
4432348521
4432348522
4432348523
4432348524
4432348525
4432348526
4432348527
4432348528
4432348529
4432348530
4432348531
4432348532
4432348533
4432348534
4432348535
4432348536
4432348537
4432348538
4432348539
4432348540
4432348541
4432348542
4432348543
4432348544
4432348545
4432348546
4432348547
4432348548
4432348549
4432348550
4432348551
4432348552
4432348553
4432348554
4432348556
4432348557
4432348558
4432348559
4432348560
4432348561
4432348562
4432348563
4432348564
4432348565
4432348566
4432348567
4432348568
4432348569
4432348570
4432348571
4432348572
4432348573
4432348574
4432348575
4432348576
4432348577
4432348578
4432348579
4432348580
4432348581
4432348582
4432348583
4432348584
4432348585
4432348586
4432348587
4432348588
4432348589
4432348590
4432348591
4432348592
4432348593
4432348594
4432348595
4432348596
4432348597
4432348598
4432348599
4432348601
4432348602
4432348603
4432348604
4432348605
4432348606
4432348607
4432348608
4432348609
4432348610
4432348611
4452222029
4582031003
4632087511
4692100561
4692101070
4692101071
4692101524
4692810752
4692810753
4692810754
4702605029
4752195519
4782161936
4782161937
4782161940
4793332067
4793332068
4793332069
4805712824
4805712825
4805712826
4805712827
4805712828
4805712829
4805712830
4805712831
4805712832
4805712833
4805712834
4805712835
4805712836
4805712837
4805712838
4805712839
4805712840
4805712841
4805712842
4805712843
4805712844
4805712845
4805712846
4805712847
4805712848
4805712849
4805712850
4805712851
4805712852
4805712853
4805712854
4805712855
4805712856
4805712857
4805712858
4805712859
4805712860
4805712861
4805712862
4805712863
4805712864
4805712865
4805712866
4805712867
4805712868
4805712869
4805712870
4805712871
4805712872
4805712873
4805712874
4805712875
4805712876
4805712877
4805712878
4805712879
4805712880
4805712881
4805712882
4805712883
4805712884
4805712885
4805712886
4805712887
4805712889
4805712890
4805712891
4805712892
4805712893
4805712894
4805712895
4805712896
4805712897
4805712898
4805712899
4805712901
4805712902
4805712903
4805712904
4805712905
4805712906
4805712907
4805712908
4805712909
4805712910
4805712911
4805712912
4805712913
4805712914
4805712915
4805712916
4805712917
4805712918
4805712919
4805712920
4805712921
4805712922
4805712923
4805712924
4805712925
4805712926
4805712927
4805712928
4805712929
4805712930
4805712931
4805712932
4805712933
4805712934
4805712935
4805712936
4805712937
4805712938
4805712939
4805712940
4805712941
4805712942
4805712943
4805712944
4805712945
4805712946
4805712947
4805712948
4805712949
4805712950
4805712951
4805712952
4805712953
4805712954
4805712955
4805712956
4805712957
4842075634
4842075645
4842075665
5012146884
5012296229
5012296230
5022055373
5022055375
5022055615
5022055776
5022055784
5022055790
5022055793
5022055795
5022055796
5022055797
5022055798
5022055799
5022055803
5022055804
5022055963
5022055965
5022055966
5022055971
5022055984
5022055985
5022055986
5022055987
5022057001
5022057003
5022057026
5022057027
5022057028
5022057029
5022057030
5022057031
5022057038
5022057039
5022057040
5022057041
5022057608
5023061554
5023061556
5023061557
5023061558
5023061559
5023061560
5023061561
5023061562
5023061563
5023061564
5023061565
5023061566
5023061567
5023061568
5023061569
5023061570
5023061571
5023061572
5023061573
5023061574
5023061575
5023061576
5023061577
5023061578
5023061579
5023061580
5023061581
5023061582
5023061583
5023061584
5023061585
5023061586
5023061587
5023061588
5023061589
5023061590
5023061591
5023061592
5023061593
5023061594
5023061595
5023061596
5023061597
5023061598
5023061599
5023061601
5023061602
5023061603
5023061604
5023061605
5023061606
5023061607
5023061608
5023061609
5023061610
5023061611
5023061612
5023061613
5023061614
5023061615
5023061616
5023061617
5023061618
5023061619
5023061620
5023061621
5023061622
5023061623
5023061624
5023061625
5023061626
5023061627
5023061628
5023061629
5023061630
5023061631
5023061632
5023061633
5023061634
5023061635
5023061636
5023061637
5023061638
5023061639
5023061640
5023061641
5023061642
5023061643
5023061644
5023061645
5023061646
5023061647
5023061648
5023061649
5023061650
5023061651
5023061652
5042900013
5042901851
5042901852
5042901853
5042901854
5042901855
5042901856
5042901857
5042901858
5042901920
5042903029
5042903872
5042903874
5042903875
5042903881
5042903885
5042903887
5042903891
5043993850
5043993851
5043993852
5043993853
5043993854
5043993855
5043993856
5043993857
5043993858
5043993859
5043993860
5043993861
5043993862
5043993863
5043993864
5043993865
5043993866
5043993867
5043993868
5043993869
5043993871
5043993872
5043993873
5043993874
5043993875
5043993876
5043993877
5043993878
5043993879
5043993880
5043993881
5043993882
5043993883
5043993884
5043993885
5043993886
5043993889
5043993890
5043993891
5043993892
5043993893
5043993894
5043993895
5043993896
5043993897
5043993898
5043993899
5043993901
5043993902
5043993903
5043993904
5043993905
5043993906
5043993907
5043993908
5043993924
5043993925
5043993926
5043993927
5043996776
5043996777
5043996778
5043996779
5043996780
5043996781
5043996782
5043996783
5043996784
5043996785
5043996786
5043996787
5043996788
5043996870
5043996871
5043996872
5043996873
5043996874
5043996875
5043996876
5043996877
5043996900
5043996901
5043996902
5043996903
5043996904
5043996905
5043996906
5043996907
5043996910
5043996911
5043996912
5043996913
5043996914
5043996915
5043996916
5043996917
5043996920
5043996921
5043996922
5043996923
5043996924
5043996925
5043996926
5043996927
5043996930
5043996931
5043996932
5043996933
5043996934
5043996935
5043996936
5043996937
5043997247
5043997810
5053080627
5053080628
5053080629
5053080630
5053080631
5053080632
5053080633
5053080634
5053080635
5053080636
5053080637
5053080638
5053080639
5053080641
5053080643
5053080645
5053080646
5053080647
5053080648
5053080649
5053080650
5053080651
5053080652
5053080653
5053080654
5053080656
5053080657
5053080658
5053080659
5053080660
5053080661
5053080662
5053080663
5053080664
5053080665
5053080667
5053080668
5053080669
5053080670
5053080671
5053080672
5053080673
5053080674
5053080675
5053080677
5053080678
5053080679
5053080680
5053080681
5053080682
5053080683
5053080684
5053080685
5053080686
5053080687
5053080688
5053080689
5053080690
5053080691
5053080692
5053080693
5053080694
5053080695
5053080696
5053080697
5053080698
5053080699
5053080700
5053080701
5053080702
5053080703
5053080704
5053080705
5053080706
5053080707
5053080708
5053080709
5053080710
5053080711
5053080712
5053080713
5053080714
5053080715
5053080716
5053080717
5053080718
5053080719
5053080720
5053080721
5053080722
5053080723
5053080724
5053080725
5053080727
5053080728
5053080729
5053080730
5053080731
5053080732
5053080733
5053080734
5053080735
5053080736
5053080737
5053080738
5053080739
5053080740
5053080741
5053080742
5053080743
5053080745
5053080746
5053080747
5053080748
5053080749
5053080750
5053080751
5053080752
5053080753
5053080754
5053080755
5053080756
5053080757
5053080758
5053080759
5053080760
5053080761
5053080762
5053080763
5053080764
5053080765
5053080766
5074284142
5082130556
5082130558
5082130560
5092049637
5092049655
5092049656
5102413623
5102413814
5102413816
5102413817
5102413821
5102413827
5102413830
5102413832
5102413834
5102532469
5105183193
5105183194
5105183195
5105183196
5105183197
5105183198
5105183199
5105183201
5105183202
5105183203
5105183204
5105183205
5105183206
5105183207
5105183208
5105183209
5105183210
5105183211
5105183212
5105183213
5105183214
5105183215
5105183216
5105183217
5105183218
5105183219
5105183220
5105183221
5105183223
5105183224
5105183225
5105183226
5105183227
5105183228
5105183229
5105183230
5105183231
5105183232
5105183233
5105183234
5105183235
5105183236
5105183237
5105183238
5105183239
5105183240
5105183241
5105183242
5105183243
5105183244
5105183245
5105183246
5105183247
5105183248
5105183249
5105183250
5105183251
5105183252
5105183253
5105183254
5105183255
5105183256
5105183257
5105183258
5105183259
5105183260
5105183261
5105183262
5105183263
5105183264
5105183265
5105183266
5105183267
5105183268
5105183269
5105183270
5105183271
5105183272
5105183273
5105183274
5105183275
5105183276
5105183277
5105183278
5105183279
5105183280
5105183281
5105183282
5105183283
5105183284
5105183285
5105183286
5105183287
5105183288
5105183289
5105183290
5105183291
5105183292
5105183293
5105183294
5105183295
5105183296
5105183297
5105183298
5105183299
5105183301
5105183302
5105183303
5105183304
5105183305
5105183306
5105183307
5105183308
5105183309
5105183310
5105183311
5105183312
5105183313
5105183314
5105183315
5105183316
5105183317
5123573689
5123573693
5123573699
5123573705
5123573707
5123573708
5123573709
5123573710
5123573713
5123573714
5123573716
5123573720
5123573721
5123573722
5123573881
5123573883
5123573889
5123573890
5123573897
5123573901
5123573902
5123573904
5123573905
5123573907
5123573909
5123573910
5125484000
5125484001
5125484002
5125484003
5125484004
5125484005
5125484006
5125484007
5125484008
5125484009
5125484010
5125484011
5125484012
5125484013
5125484014
5125484015
5125484016
5125484017
5125484018
5125484019
5125484020
5125484021
5125484022
5125484023
5125484024
5125484025
5125484026
5125484027
5125484028
5125484029
5125484030
5125484031
5125484032
5125484033
5125484034
5125484035
5125484036
5125484037
5125484038
5125484039
5125484040
5125484041
5125484042
5125484043
5125484044
5125484045
5125484046
5125484047
5125484048
5125484049
5125484050
5125484051
5125484052
5125484053
5125484054
5125484055
5125484056
5125484057
5125484058
5125484059
5125484060
5125484061
5125484062
5125484063
5125484064
5125484065
5125484066
5125484067
5125484068
5125484069
5125484070
5125484088
5125484089
5125484090
5125484091
5125484092
5125484100
5125484200
5125484222
5125484300
5125484321
5125484333
5125484400
5125484500
5125484555
5125484600
5125484666
5125484700
5125484777
5125484800
5125484888
5125484900
5125484999
5125488100
5125488111
5125488200
5125488222
5125488300
5125488333
5125488400
5125488444
5125488500
5125488555
5125488600
5125488666
5125488700
5134341851
5134341860
5134341883
5134343557
5134343562
5134343567
5134343569
5134406374
5134406375
5134406376
5134406377
5134406378
5134406379
5134406380
5134406381
5134406382
5134406383
5134406384
5134406385
5134406386
5134406387
5134406389
5134406390
5134406391
5134406392
5134406393
5134406394
5134406396
5134406397
5134406398
5134406399
5134406402
5134406403
5134406404
5134406405
5134406406
5134406407
5134406408
5134406409
5134406410
5134406411
5134406412
5134406413
5134406414
5134406415
5134406416
5134406417
5134406418
5134406419
5134406420
5134406421
5134406422
5134406423
5134406424
5134406425
5134406426
5134406427
5134406428
5134406429
5134406430
5134406431
5134406432
5134406433
5134406434
5134406435
5134406436
5134406437
5134406438
5134406439
5134406440
5134406441
5134406442
5134406443
5134406445
5134406446
5134406447
5134406448
5134406449
5134406450
5134406451
5134406452
5134406453
5134406454
5134406455
5134406456
5134406457
5134406458
5134406459
5134406460
5134406461
5134406462
5134406463
5134406464
5134406465
5134406466
5134406467
5134406468
5134406469
5134406470
5134406471
5134406472
5134406473
5134406474
5134406475
5134406476
5134406477
5134406478
5134406479
5134406480
5134406481
5134406482
5134406483
5134406484
5134406485
5134406486
5134406487
5134406488
5134406489
5134406490
5134406491
5134406492
5134406493
5134406494
5134406495
5134406496
5134406497
5134406498
5134406499
5134406501
5134406502
5134406503
5134406504
5134406505
5134406506
5134406507
5134406508
5134406509
5134406510
5134406511
5134406512
5134406513
5134406514
5134406515
5134406516
5134406517
5134406518
5134406519
5134406520
5134406521
5134406522
5134406523
5134406524
5134406525
5134406526
5134406527
5134406528
5134406529
5134406530
5134406531
5134406532
5134406533
5134406534
5134406535
5134406536
5134406537
5134406538
5134406539
5134406540
5134406541
5134406542
5134406543
5134406544
5134406545
5134406546
5134406547
5134406548
5134406549
5134406550
5134406551
5134406552
5134406553
5134406554
5134406556
5134406557
5134406558
5134406559
5134406560
5134406561
5134406562
5134406563
5134406564
5134406565
5134406566
5134406567
5134406568
5134406569
5134406570
5134406571
5134406572
5134406573
5134406574
5134406575
5134406576
5134406577
5134406578
5134406579
5134406580
5134406581
5134406582
5134406583
5134406584
5134406585
5134406586
5134406587
5134406588
5134406589
5134406590
5134406591
5134406592
5134406593
5134406594
5134406595
5134406596
5134406597
5134406598
5134406599
5134406601
5134406602
5134406603
5134406604
5134406605
5134406606
5134406607
5134406608
5134406609
5134406610
5134406611
5134406612
5134406613
5134406614
5134406615
5134406616
5134406617
5134406618
5134406619
5134406620
5134406621
5134406622
5134406623
5134406624
5134406625
5134406626
5134406627
5134406628
5134406629
5134406630
5134406631
5134406632
5134406633
5134406634
5134406635
5134406636
5134406637
5134406638
5134406639
5134406640
5134406641
5134406642
5134406643
5152986485
5152986493
5152986503
5162070222
5162070317
5162179176
5162179177
5162179178
5162179179
5162179180
5162179181
5162179182
5162179183
5162179184
5162179185
5162179186
5162179187
5162179188
5162179190
5162179191
5162179192
5162179193
5162179215
5162179219
5162179241
5162179242
5162179243
5162179244
5162179245
5162179246
5162179247
5162179249
5162179250
5162179251
5162179528
5162179529
5162179530
5162179531
5162179532
5162179533
5162179534
5162179535
5162179536
5162179537
5162179538
5162179989
5162179997
5162191721
5162262673
5162262684
5162262685
5162262686
5162262693
5162262694
5162262695
5162262697
5162262699
5162262715
5162262721
5162267112
5162267113
5162267114
5162267115
5162267116
5162267117
5162267118
5162267119
5162267120
5162267121
5162267122
5162267124
5162267125
5162267126
5162267127
5162267128
5162267129
5162267130
5162267131
5162267379
5162267380
5162267381
5162267382
5162267383
5162267384
5162267385
5162267386
5162267387
5162267388
5162267389
5162267390
5162267391
5162267392
5162267393
5162267394
5162267395
5162267396
5162267397
5162267398
5162267399
5162267445
5162267446
5162267447
5162605541
5162605543
5162605547
5162605559
5162605580
5162605581
5162605582
5162605583
5162615452
5162615453
5162615457
5162615463
5162615464
5162615468
5162615475
5162615482
5162615485
5162615490
5162616521
5162616522
5162616523
5162616524
5162616525
5162616526
5162616527
5162616528
5162616529
5162616530
5162711001
5162711002
5162714379
5162714380
5162714396
5172010572
5172010575
5172010580
5183339693
5183339694
5183339695
5202103577
5202103624
5202103627
5303170167
5303170170
5303170173
5312141112
5392081146
5404181486
5404181487
5404181488
5404181489
5404181490
5404181491
5404181492
5404181493
5404181494
5404181495
5404181496
5404181497
5404181498
5404181499
5404181501
5404181502
5404181503
5404181504
5404181505
5404181506
5404181507
5404181508
5404181509
5404181510
5404181511
5404181512
5404181513
5404181514
5404181515
5404181516
5404181517
5404181518
5404181519
5404181520
5404181521
5404181522
5404181523
5404181524
5404181525
5404181526
5404181527
5404181528
5404181529
5404181530
5404181531
5404181532
5404181533
5404181534
5404181535
5404181536
5404181537
5404181538
5404181539
5404181540
5404181541
5404181542
5404181543
5404181544
5404181545
5404181546
5404181547
5404181548
5404181549
5404181550
5404181551
5404181552
5404181553
5404181554
5404181556
5404181557
5404181558
5404181559
5404181560
5404181561
5404181562
5404181563
5404181564
5404181565
5404181566
5404181567
5404181568
5404181569
5404181570
5404181571
5404181572
5404181573
5404181574
5404181575
5404181576
5404181577
5404181578
5404181579
5404181580
5404181581
5404181582
5404181583
5404181584
5404181585
5404181586
5404181587
5404181588
5404181589
5404181590
5404181591
5404181592
5404181593
5404181594
5404181595
5404181596
5404181597
5404181598
5404181599
5404181601
5404181602
5404181603
5404181604
5404181605
5404181606
5404181607
5404181608
5404181609
5404181610
5404181611
5404181612
5404181613
5404181614
5404181615
5404181616
5404181617
5404181618
5404181619
5404181620
5412043564
5412043567
5412043807
5512055973
5592065562
5592065565
5592065567
5592065570
5592065573
5592065574
5592068340
5592068341
5593360398
5593360399
5593360400
5593360401
5593360402
5593360403
5593360404
5593360405
5593360406
5593360407
5593360408
5593360409
5593360410
5593360411
5593360412
5593360413
5593360414
5593360415
5593360416
5593360417
5593360418
5593360419
5593360420
5593360421
5593360422
5593360423
5593360424
5593360425
5593360426
5593360427
5593360428
5593360429
5593360430
5593360431
5593360432
5593360433
5593360434
5593360435
5593360436
5593360437
5593360438
5593360439
5593360440
5593360441
5593360442
5593360443
5593360445
5593360446
5593360447
5593360448
5593360449
5593360450
5593360451
5593360452
5593360453
5593360454
5593360455
5593360456
5593360457
5593360458
5593360459
5593360460
5593360461
5593360462
5593360463
5593360464
5593360465
5593360466
5593360467
5593360468
5593360469
5593360470
5593360471
5593360472
5593360473
5593360474
5593360475
5593360476
5593360477
5593360478
5593360479
5593360480
5593360481
5593360482
5593360483
5593360484
5593360485
5593360486
5593360487
5593360488
5593360489
5593360490
5593360491
5593360492
5593360493
5593360494
5593360495
5593360496
5593360497
5593360498
5593360499
5593360501
5593360502
5593360503
5593360504
5593360505
5593360506
5593360507
5593360508
5593360509
5593360510
5593360511
5593360512
5593360513
5593360514
5593360515
5593360516
5593360517
5593360518
5593360519
5593360520
5593360521
5593360522
5593360523
5612500115
5612500125
5612500157
5612508491
5612508493
5612508497
5612508502
5612641242
5612641244
5612641246
5612641247
5612641250
5612641253
5616179259
5616179378
5617817036
5617817037
5617817038
5617817039
5617817040
5617817041
5617817042
5617817043
5617817044
5617817045
5617817046
5617817047
5617817048
5617817049
5617817050
5617817051
5617817052
5617817053
5617817054
5617817055
5617817056
5617817057
5617817058
5617817059
5617817060
5617817061
5617817062
5617817063
5617817064
5617817065
5617817066
5617817067
5617817068
5617817069
5617817070
5617817071
5617817072
5617817073
5617817074
5617817075
5617817076
5617817077
5617817078
5617817079
5617817080
5617817081
5617817082
5617817083
5617817084
5617817085
5617817086
5617817087
5617817088
5617817089
5617817090
5617817091
5617817092
5617817093
5617817094
5617817095
5617817096
5617817097
5617817098
5617817099
5617817101
5617817102
5617817103
5617817104
5617817105
5617817106
5617817107
5617817108
5617817109
5617817110
5617817112
5617817113
5617817114
5617817115
5617817116
5617817117
5617817118
5617817119
5617817120
5617817121
5617817122
5617817123
5617817124
5617817125
5617817126
5617817127
5617817128
5617817129
5617817130
5617817131
5617817132
5617817133
5617817134
5617817135
5617817136
5617817137
5617817138
5617817139
5617817140
5617817141
5617817142
5617817143
5617817144
5617817145
5617817146
5617817147
5617817148
5617817149
5617817150
5617817151
5617817152
5617817153
5617817154
5622030128
5622030141
5622031194
5632025530
5673200045
5704059524
5704059525
5704059526
5732507871
5732507872
5732507873
5732507877
5732507880
5732507883
5732507884
5732507886
5732507887
5732507889
5732507890
5732507895
5732507896
5732507899
5732507902
5732507907
5732507908
5732507909
5732507911
5732507914
5732508136
5732508137
5732508146
5732508147
5732605121
5732605122
5732605123
5732605124
5732605125
5732605126
5732605127
5732605130
5732605133
5732605136
5732605146
5732605155
5732674100
5732674222
5732674333
5732674555
5732675021
5732675029
5732675030
5732675031
5732675032
5732675033
5732675040
5732675041
5732675056
5732675057
5732675074
5732675075
5732675076
5732675086
5732675088
5732675089
5732675090
5732675091
5732675093
5732675094
5732675095
5732675096
5732675097
5732675098
5732675101
5732675112
5732675135
5732675168
5732675174
5732675176
5732675755
5732675760
5732675775
5732675781
5732790022
5732790025
5732790149
5732790152
5732790154
5732790162
5732790375
5732790376
5732790379
5732790381
5732790383
5732790385
5732790409
5732790740
5732790741
5732790742
5732790743
5732790744
5732790758
5732790759
5732790760
5732790761
5732790762
5732790767
5732790779
5732790804
5732790807
5732790809
5732790813
5732790817
5732790829
5732790830
5732790838
5732847487
5732847491
5732847493
5732847495
5732847518
5732847530
5732847531
5732848493
5732848494
5732848495
5732848496
5732848497
5732848498
5732848499
5732848501
5732848502
5732848503
5732848504
5732848505
5732848506
5732848507
5732848508
5732848509
5732848510
5732848511
5743938222
5752211360
5752211361
5752211362
5802327725
5802327726
5802327727
5852298072
5852525275
5852525281
5864604030
5864604031
5864604032
6012285164
6012285165
6012285166
6012285167
6012285168
6012285169
6012285170
6012285171
6012285172
6012285173
6012285174
6012285175
6012285176
6012285177
6012285178
6012285179
6012285180
6012285181
6012285182
6012285183
6012285184
6012285185
6012285186
6012285187
6012285188
6012285189
6012285190
6012285191
6012285192
6012285193
6012285194
6012285195
6012285196
6012285197
6012285198
6012285199
6012285201
6012285202
6012285203
6012285204
6012285205
6012285206
6012285207
6012285208
6012285209
6012285210
6012285211
6012285212
6012285213
6012285214
6012285215
6012285216
6012285217
6012285218
6012285219
6012285220
6012285221
6012285223
6012285224
6012285225
6012285226
6012285227
6012285228
6012285229
6012285230
6012285231
6012285232
6012285233
6012285234
6012285235
6012285236
6012285237
6012285238
6012285239
6012285240
6012285241
6012285242
6012285243
6012285244
6012285245
6012285246
6012285247
6012285248
6012285249
6012285250
6012285251
6012285252
6012285253
6012285254
6012285255
6012285256
6012285257
6012285258
6012285259
6012285260
6012285261
6012285262
6012285263
6012285264
6012285265
6012285266
6012285267
6012285268
6012285269
6012285270
6012285271
6012285272
6012285273
6012285274
6012285275
6012285276
6012285277
6012285278
6012285279
6012285280
6012285281
6012285282
6012285283
6012285284
6012285285
6012285286
6012285287
6012285288
6012285289
6012285290
6012285291
6012285292
6012285293
6012285294
6012285295
6012285296
6012285297
6039452911
6052501881
6072288529
6083401427
6083401428
6083401429
6094387863
6094387864
6094387865
6094387866
6094387867
6094387869
6094387870
6094387871
6094387872
6094387873
6094387874
6094387875
6094387876
6094387877
6094387878
6094387879
6094387880
6094387881
6094387882
6094387883
6094387884
6094387885
6094387886
6094387887
6094387889
6094387890
6094387891
6094387892
6094387893
6094387894
6094387895
6094387896
6094387897
6094387898
6094387899
6094387901
6094387902
6094387903
6094387904
6094387905
6094387906
6094387907
6094387908
6094387909
6094387910
6094387911
6094387912
6094387913
6094387914
6094387915
6094387916
6094387917
6094387918
6094387919
6094387920
6094387921
6094387922
6094387923
6094387924
6094387925
6094387927
6094387928
6094387929
6094387930
6094387931
6094387932
6094387933
6094387934
6094387935
6094387936
6094387937
6094387938
6094387939
6094387940
6094387941
6094387942
6094387943
6094387944
6094387945
6094387946
6094387947
6094387948
6094387949
6094387950
6094387951
6094387952
6094387953
6094387954
6094387955
6094387956
6094387957
6094387958
6094387959
6094387960
6094387961
6094387962
6094387963
6094387964
6094387965
6094387966
6094387967
6094387968
6094387969
6094387970
6094387971
6094387972
6094387973
6094387974
6094387975
6094387976
6094387977
6094387978
6094387979
6094387980
6094387981
6094387982
6094387983
6094387984
6094387985
6094387986
6094387987
6094387988
6094387989
6094387990
6094387991
6094387992
6094387993
6094387994
6094387995
6094387996
6094387997
6094387998
6105800730
6105800731
6105800732
6105800733
6105800734
6105800735
6105800736
6105800737
6105800738
6105800739
6105800740
6105800741
6105800742
6105800743
6105800744
6105800745
6105800746
6105800747
6105800748
6105800749
6105800750
6105800751
6105800752
6105800753
6105800754
6105800755
6105800756
6105800757
6105800758
6105800759
6105800760
6105800761
6105800762
6105800763
6105800764
6105800765
6105800766
6105800767
6105800768
6105800769
6105800770
6105800771
6105800772
6105800773
6105800774
6105800775
6105800776
6105800778
6105800779
6105800780
6105800781
6105800782
6105800783
6105800784
6105800785
6105800786
6105800787
6105800788
6105800789
6105800790
6105800791
6105800792
6105800793
6105800794
6105800795
6105800796
6105800797
6105800798
6105800799
6105800801
6105800802
6105800803
6105800804
6105800805
6105800806
6105800807
6105800808
6105800809
6105800810
6105800811
6105800812
6105800813
6105800814
6105800815
6105800816
6105800817
6105800818
6105800819
6105800820
6105800821
6105800822
6105800823
6105800824
6105800825
6105800826
6105800827
6105800828
6105800829
6105800830
6105800831
6105800832
6105800833
6105800834
6105800835
6105800836
6105800837
6105800838
6105800839
6105800840
6105800841
6105800842
6105800843
6105800844
6105800845
6105800846
6105800847
6105800848
6105800849
6105800850
6105800851
6105800852
6105800853
6105800854
6105800855
6105800856
6105800857
6105800858
6105800859
6105800860
6105800861
6105800862
6105800863
6137061892
6137061894
6137061899
6137061915
6137061918
6137061928
6137061930
6137061932
6137061943
6137061946
6137061977
6137062317
6137062335
6137062338
6137062339
6137062346
6137062347
6137062354
6137062366
6137062373
6137062383
6137062388
6137770440
6137771512
6137771941
6137771976
6137771977
6137771978
6137771984
6137771985
6137771988
6137771992
6137771993
6137771997
6137772010
6137772013
6137772014
6137772016
6137772017
6137772018
6137772024
6137772032
6137772033
6137772039
6137772041
6137772048
6137772049
6137772050
6137772055
6137772059
6137772062
6137772071
6137772079
6137772080
6137772089
6137772095
6137772096
6137772105
6137772108
6137772112
6137772117
6137772121
6137772126
6137772142
6137772143
6137772147
6137772152
6137772153
6137772154
6137772157
6137772158
6137772161
6138011103
6138015240
6138015241
6138015242
6138015243
6138015244
6138015245
6138015246
6138015247
6138015248
6138015250
6138015253
6138015255
6138015256
6138015257
6138015258
6138015259
6138015260
6138015261
6138015262
6143502405
6143502406
6143502407
6143502410
6143502419
6143502422
6143502424
6143503573
6143503575
6143503577
6143503584
6143503624
6143503635
6143503637
6143503638
6143503639
6143503640
6143503641
6143503644
6143503645
6143503647
6143506660
6143506907
6143506910
6143506911
6143506912
6143506913
6143506914
6143506915
6143506916
6143506917
6143506920
6143506921
6143506922
6143506923
6143506924
6143506925
6143506926
6143506927
6143506930
6143506931
6143506932
6143506933
6143506934
6143506935
6143506936
6143506937
6143506940
6143506941
6143506942
6143506943
6143506944
6143506945
6143506946
6143506947
6143506950
6143506951
6143506952
6143506953
6143506954
6143506955
6143506956
6143506957
6143506960
6143506961
6143506962
6143506963
6143506964
6143506965
6143506966
6143506967
6143506970
6143506971
6143506972
6143506973
6143506974
6143506975
6143506976
6143506977
6143506980
6143506981
6143506982
6143506983
6143506984
6143506985
6143506986
6143506987
6143506990
6143506991
6143506992
6143506993
6143506994
6143506995
6143506996
6143632165
6143632672
6143632866
6143636278
6152050435
6152050753
6152050754
6162010110
6162010148
6162010149
6172096669
6172096673
6173152609
6173152627
6173152633
6173152651
6173368822
6177526575
6177526576
6177526577
6177526580
6177526581
6177526582
6177526583
6177526584
6177526585
6177526586
6177526590
6177526591
6177526592
6177526593
6177526594
6177526595
6177526596
6177526597
6177526601
6177526602
6177526603
6177526604
6177526605
6177526606
6177526607
6177526610
6177526611
6177526612
6177526613
6177526614
6177526615
6177526616
6177526617
6177526620
6177526621
6177526622
6177526623
6177526624
6177526625
6177526626
6177526627
6177526630
6177526631
6177526632
6177526633
6177526634
6177526635
6177526636
6177526640
6177526641
6177526642
6177526643
6177526644
6177526645
6177526646
6177526647
6177526650
6177526651
6177526652
6177526653
6177526654
6177526655
6177526656
6177526657
6177526661
6177526662
6177526663
6177526664
6177526665
6177526667
6177526670
6177526671
6177526672
6177526673
6177526674
6177526675
6177526676
6177526677
6177526682
6177526684
6177526685
6177526686
6177526687
6177526690
6177526691
6177526692
6177526693
6177526694
6177526695
6177526696
6177526697
6177526701
6177526702
6177526703
6177526704
6177526705
6177526706
6177526707
6177526710
6177526711
6177526712
6177526713
6177526714
6177526715
6177526716
6177526717
6177526720
6177526721
6177526722
6177526723
6177526724
6177526725
6177526726
6177526730
6177526731
6177526732
6177526733
6177526734
6177526735
6177526736
6177526737
6177526740
6177526741
6177526742
6177526743
6182128436
6182128564
6182128567
6182128572
6182128575
6182128581
6182128587
6182128591
6182128667
6182128668
6182128669
6182128676
6182128677
6183525612
6183525625
6183525629
6183525632
6183525634
6183525646
6183525650
6183525651
6183525656
6183525658
6183525667
6183525670
6183525847
6183525854
6183525858
6183525873
6183527003
6183527024
6183527032
6183527040
6183527930
6183527939
6183527955
6183527965
6183527983
6183527987
6183919175
6183919445
6183919447
6183919452
6183919934
6183919940
6183919944
6184080618
6184080619
6184080620
6184080622
6184080630
6184080632
6184080633
6184080638
6184080639
6184080643
6184080647
6184080648
6184080914
6184080916
6184080917
6184080921
6184080922
6184080938
6184080939
6184080943
6184080944
6184080946
6184080953
6184080959
6184080966
6184080971
6184080981
6193050910
6202094291
6202094293
6202094294
6234698728
6234698729
6234698730
6234698731
6234698732
6234698733
6234698734
6234698735
6234698736
6234698737
6234698738
6234698739
6234698740
6234698741
6234698742
6234698743
6234698744
6234698745
6234698746
6234698747
6234698748
6234698749
6234698750
6234698751
6234698752
6234698753
6234698754
6234698755
6234698756
6234698757
6234698758
6234698759
6234698760
6234698761
6234698762
6234698763
6234698764
6234698765
6234698766
6234698767
6234698768
6234698769
6234698770
6234698771
6234698772
6234698773
6234698774
6234698775
6234698776
6234698778
6234698779
6234698780
6234698781
6234698782
6234698783
6234698784
6234698785
6234698786
6234698787
6234698788
6234698789
6234698790
6234698791
6234698792
6234698793
6234698794
6234698795
6234698796
6234698797
6234698798
6234698799
6234698801
6234698802
6234698803
6234698804
6234698805
6234698806
6234698807
6234698808
6234698809
6234698810
6234698811
6234698812
6234698813
6234698814
6234698815
6234698816
6234698817
6234698818
6234698819
6234698820
6234698821
6234698822
6234698823
6234698824
6234698825
6234698826
6234698827
6234698828
6234698829
6234698830
6234698831
6234698832
6234698833
6234698834
6234698835
6234698836
6234698837
6234698838
6234698839
6234698840
6234698841
6234698842
6234698843
6234698844
6234698845
6234698846
6234698847
6234698848
6234698849
6234698850
6234698851
6234698852
6234698853
6234698854
6234698855
6234698856
6234698857
6234698858
6234698859
6234698860
6234698861
6263133736
6282039008
6292014608
6292014620
6292017122
6303814506
6303814510
6303814512
6303814515
6303814519
6303814526
6303814530
6303814733
6303814740
6303816357
6303816358
6305473704
6305473705
6305473706
6305473707
6305473708
6305473710
6305473711
6305473712
6305473713
6305473714
6305473715
6305473716
6305473717
6305473718
6305473720
6305473721
6305473722
6305473723
6305473724
6305473725
6305473726
6305473727
6305473728
6305473730
6305473731
6305473732
6305473734
6305473735
6305473736
6305473737
6305473738
6305473740
6305473741
6305473742
6305473743
6305473744
6305473745
6305473746
6305473747
6305473748
6305473750
6305473751
6305473752
6305473753
6305473754
6305473755
6305473756
6305473757
6305473758
6305473760
6305473761
6305473762
6305473763
6305473764
6305473765
6305473766
6305473767
6305473768
6305473770
6305473771
6305473772
6305473773
6305473774
6305473775
6305473776
6305473778
6305473780
6305473781
6305473782
6305473783
6305473784
6305473785
6305473786
6305473787
6305473788
6305473790
6305473791
6305473792
6305473793
6305473794
6305473795
6305473796
6305473797
6305473798
6305473801
6305473802
6305473803
6305473804
6305473805
6305473806
6305473807
6305473808
6305473810
6305473811
6305473812
6305473813
6305473814
6305473815
6305473816
6305473817
6305473818
6305473820
6305473821
6305473822
6305473823
6305473824
6305473825
6305473826
6305473827
6305473828
6305473830
6305473831
6305473832
6305473833
6305473834
6305473835
6305473836
6305473837
6305473838
6305473840
6305473841
6312120930
6362492297
6413263792
6413263795
6413263796
6473621002
6502036120
6512730548
6572507491
6604020318
6604020319
6604020320
6605707207
6605707208
6605707209
6605707210
6605707211
6605707212
6605707213
6605707214
6605707215
6605707216
6605707217
6605707218
6605707219
6605707220
6605707221
6605707223
6605707224
6605707225
6605707226
6605707227
6605707228
6605707229
6605707230
6605707231
6605707232
6605707233
6605707234
6605707235
6605707236
6605707237
6605707238
6605707239
6605707240
6605707241
6605707242
6605707243
6605707244
6605707245
6605707247
6605707248
6605707249
6605707250
6605707251
6605707252
6605707253
6605707254
6605707255
6605707256
6605707257
6605707258
6605707259
6605707260
6605707261
6605707262
6605707263
6605707264
6605707265
6605707266
6605707267
6605707268
6605707269
6605707270
6605707271
6605707272
6605707273
6605707274
6605707275
6605707276
6605707277
6605707278
6605707279
6605707280
6605707281
6605707282
6605707283
6605707284
6605707285
6605707286
6605707287
6605707288
6605707289
6605707290
6605707291
6605707292
6605707293
6605707294
6605707295
6605707296
6605707297
6605707298
6605707299
6605707301
6605707302
6605707303
6605707304
6605707305
6605707306
6605707307
6605707308
6605707309
6605707310
6605707311
6605707312
6605707313
6605707314
6605707315
6605707316
6605707317
6605707318
6605707319
6605707320
6605707321
6605707322
6605707323
6605707324
6605707325
6605707326
6605707327
6605707328
6605707329
6605707330
6605707331
6605707332
6605707334
6605707335
6605707336
6605707337
6605707338
6605707339
6612768577
6612768613
6612768614
6622004459
6672003659
6692010478
6692010479
6692010966
6692010973
6692010978
6692010991
6692010994
6692011004
6692011012
6692011014
6692011019
6692011021
6692011024
6692011043
6692011049
6692011060
6692011066
6692011069
6692011087
6692011097
6692011099
6692011109
6692011112
6692011114
6692011119
6692011125
6692011142
6692011161
6692011170
6692011171
6692011172
6692013005
6692013008
6692013022
6692013024
6692013037
6808002662
6822046733
7014010500
7014011705
7014011706
7014011707
7014011708
7014011709
7014011710
7014011711
7014011712
7014011713
7014011714
7014011715
7014011716
7014011717
7014011718
7014011719
7014011720
7014011721
7014011722
7014011723
7014011724
7014011725
7014011726
7014011727
7014011728
7014011729
7014011730
7014011731
7014011732
7014011733
7014011734
7014011735
7014011736
7014011737
7014011738
7014011739
7014011740
7014011741
7014011742
7014011743
7014011744
7014011745
7014011746
7014011747
7014011748
7014011749
7014011750
7014011751
7014011752
7014011753
7014011754
7014011755
7014011756
7014011757
7014011758
7014011759
7014011760
7014011761
7014011762
7014011763
7014011764
7014011765
7014011766
7014011767
7014012771
7014015442
7014015443
7014015445
7014015446
7014015447
7014015448
7014015449
7014015450
7014015451
7014015452
7014015453
7014015454
7014015455
7014015456
7014015457
7014015458
7014015459
7014015460
7014015461
7014015463
7014015464
7014015465
7014015466
7014015467
7014015468
7014015469
7014015470
7014015471
7014015472
7014015473
7014015474
7014015475
7014015476
7014015477
7014015478
7014015479
7014015480
7014015481
7014015482
7014015483
7014015484
7014015485
7014015486
7014015487
7014015488
7014015489
7014015490
7014015491
7014015492
7014015493
7014015494
7014015495
7014015496
7014015497
7014015498
7014015499
7014015501
7014015502
7014015503
7014015504
7014015505
7014015506
7014015507
7014015508
7014015509
7014015510
7014015511
7014015512
7014015513
7014015514
7014015515
7014015516
7014015517
7014015518
7014015519
7014015520
7014015521
7014015522
7014015523
7014015524
7014015525
7014015526
7014015527
7014015528
7014015529
7014015530
7014015531
7014015532
7014015533
7014015534
7014015535
7014015536
7014015537
7014015538
7014015539
7014015540
7014015541
7014015542
7014015543
7014015544
7014015545
7014015546
7014015547
7014015548
7014015549
7014015550
7014015551
7014015552
7014015553
7014015554
7014015556
7014015557
7014015558
7014015559
7014015560
7014015561
7014015562
7014015563
7014015564
7014015565
7014015566
7014015567
7014015568
7014015569
7014015570
7014015571
7014015572
7014015573
7014015574
7014015575
7014015576
7014015577
7014015578
7014015579
7014015580
7014015581
7014015582
7014015583
7014015584
7014015585
7014015586
7014015587
7014015588
7014015589
7014015590
7014015591
7014015592
7014015593
7014015594
7014015595
7014015596
7014015597
7014015598
7014015599
7014015601
7014015602
7014015603
7014015604
7014015605
7014015606
7014015607
7014015608
7014015609
7014015610
7014015611
7014015612
7014015613
7014015614
7014015615
7014015616
7014015617
7014015618
7014015619
7014015620
7014015621
7014015622
7014015623
7014015624
7014015625
7014015626
7014015627
7014015628
7014015629
7014015630
7014015631
7014015632
7014015633
7014015634
7014015635
7014015636
7014015637
7014015638
7014015639
7014015640
7014015641
7014015642
7014015643
7014015644
7014015645
7014015646
7014015647
7014015648
7014015649
7027101633
7027101634
7027102567
7052301741
7052301826
7052301830
7052302790
7052302832
7052302839
7052302946
7052302987
7052303012
7052303061
7052303074
7052303085
7052303271
7052303640
7052420242
7052420267
7052420271
7052420293
7052420299
7052421045
7052421046
7052421603
7052422011
7052422016
7052422032
7052422083
7052422084
7052422085
7052422096
7052422203
7052422205
7052422212
7052422269
7052422317
7057022849
7057024134
7057024135
7057024136
7057024137
7057024138
7057024139
7057024140
7057024141
7057024142
7057024143
7057024144
7057024145
7057024146
7057024147
7057024148
7057024149
7057024150
7057024151
7057024152
7057024153
7057024154
7057024155
7057024156
7057024157
7057024158
7057024159
7057024160
7057024161
7057024162
7057024163
7057024164
7057024165
7057024166
7057024167
7057024168
7057024169
7057024170
7057024171
7057024172
7057024173
7057024174
7057024175
7057024176
7057024177
7057024178
7057024179
7057024180
7057024181
7057024182
7057104132
7057104133
7057104134
7057104135
7057104136
7057104137
7057104138
7057104139
7057104140
7057104141
7057108136
7057108137
7057108138
7057108139
7057108140
7057108141
7057108142
7057108143
7057108144
7057108145
7058063044
7058063045
7058063046
7058063047
7058063048
7058063049
7058063050
7058063051
7058063052
7058063053
7058063054
7058063055
7058063056
7058063057
7058063058
7058063059
7058063060
7058063061
7058063062
7058063064
7058063065
7058063066
7058063067
7058063068
7058063069
7058063070
7058063071
7058063072
7062227001
7062227002
7062227003
7074750048
7074750049
7074750050
7074750051
7074750052
7074750053
7074750054
7074750055
7074750056
7074750057
7074750058
7074750059
7074750060
7074750061
7074750062
7074750063
7074750064
7074750065
7074750066
7074750067
7074750068
7074750069
7074750073
7074750074
7074750075
7074750081
7074750082
7074750086
7074750114
7074750115
7074750118
7074750121
7074750122
7074750123
7074750124
7074750125
7074750126
7074750127
7074750128
7074750129
7074750130
7074750131
7074750132
7074750133
7074750134
7074750135
7074750136
7074750137
7074750138
7074750139
7074750140
7074750141
7074750142
7074750143
7074750144
7074750145
7074750146
7074750147
7074750148
7074750149
7074750150
7074750151
7074750152
7074750153
7074750154
7074750155
7074750156
7074750157
7074750158
7074750159
7074750160
7074750161
7074750162
7074750163
7074750165
7074750166
7074750167
7074750168
7074750169
7074750170
7074750171
7074750172
7074750173
7074750174
7074750175
7074750176
7074750177
7074750179
7074750180
7074750182
7074750183
7074750184
7074750185
7074750186
7074750187
7074750189
7074750191
7074750192
7074750193
7074750194
7074750196
7074750198
7074750199
7074750200
7074750201
7074750202
7074750203
7074750204
7074750205
7074750206
7074750207
7074750208
7074750209
7074750210
7074750211
7074750212
7074750213
7074750214
7074750215
7074750216
7074750218
7074750219
7074750220
7074750223
7074750224
7074750225
7074750226
7074750228
7074750229
7074750230
7074750231
7074750232
7122012404
7122012405
7122012406
7147900776
7152574726
7152574736
7152574744
7162152322
7162152354
7162152364
7172764440
7174825996
7174825997
7174825998
7174826001
7174826002
7174826003
7174826004
7174826005
7174826007
7174826008
7174826009
7174826012
7174826013
7174826014
7174826015
7174826016
7174826017
7174826018
7174826020
7174826021
7174826041
7174826042
7174826044
7174826052
7174826064
7174826098
7174826436
7174826437
7174826438
7174826439
7174826440
7174826441
7174826442
7174826443
7174826445
7174826446
7174826447
7174826448
7174826449
7174826450
7174826451
7174826452
7174826453
7174826454
7174826455
7174826456
7174826457
7174826458
7174826459
7174826460
7174826461
7174826462
7174826463
7174826464
7174826465
7174826466
7174826467
7174826468
7174826469
7174826470
7174826471
7174826472
7174826473
7174826474
7174826475
7174826476
7174826477
7174826478
7174826479
7174826480
7174826481
7174826482
7174826483
7174826484
7174826485
7174826486
7174826487
7174826488
7174826489
7174826490
7174826491
7174826492
7174826493
7174826494
7174826495
7174826496
7174826497
7174826498
7174826499
7174826501
7174826502
7174826503
7174826504
7174826505
7174826506
7174826507
7174826508
7174826509
7174826510
7174826511
7174826512
7174826513
7174826514
7174826515
7174826516
7174826517
7174826518
7174826519
7174826520
7174826521
7174826522
7174826523
7174826524
7174826525
7174826526
7174826527
7174826528
7174826529
7174826530
7174826531
7174826532
7174826533
7174826534
7174826535
7174826536
7174826537
7174826538
7174826539
7174826540
7174826541
7174826542
7192152187
7192152188
7192152189
7205138295
7205138296
7205138297
7205138298
7205138299
7205138301
7205138302
7205138303
7205138304
7205138305
7205138306
7205138307
7205138308
7205138309
7205138310
7205138311
7205138312
7205138313
7205138314
7205138315
7205138316
7205138317
7205138318
7205138319
7205138320
7205138321
7205138322
7205138323
7205138324
7205138325
7205138326
7205138327
7205138328
7205138329
7205138330
7205138331
7205138332
7205138334
7205138335
7205138336
7205138337
7205138338
7205138339
7205138340
7205138341
7205138342
7205138343
7205138344
7205138345
7205138346
7205138347
7205138348
7205138349
7205138350
7205138351
7205138352
7205138353
7205138354
7205138356
7205138357
7205138358
7205138359
7205138360
7205138361
7205138362
7205138363
7205138364
7205138365
7205138366
7205138367
7205138368
7205138369
7205138370
7205138371
7205138372
7205138373
7205138374
7205138375
7205138376
7205138377
7205138378
7205138379
7205138380
7205138381
7205138382
7205138383
7205138384
7205138385
7205138386
7205138387
7205138388
7205138389
7205138390
7205138391
7205138392
7205138393
7205138394
7205138395
7205138396
7205138397
7205138398
7205138399
7205138401
7205138402
7205138403
7205138404
7205138405
7205138406
7205138407
7205138408
7205138409
7205138410
7205138411
7205138412
7205138413
7205138414
7205138415
7205138416
7205138417
7205138418
7205138419
7205138420
7205138421
7205138422
7205138423
7205138424
7205138425
7205138426
7205138427
7205138428
7205138429
7205138430
7242021628
7242021630
7242021632
7252026178
7264441346
7272612134
7272612135
7272612136
7312016005
7312016008
7312016009
7323380988
7323380997
7324020841
7324020842
7324020843
7324020844
7324020845
7324020846
7324020847
7324020848
7324020849
7324020850
7324020851
7324020852
7324020853
7324020854
7324020855
7324020856
7324020857
7324020858
7324020859
7324020860
7324020861
7324020862
7324020863
7324020864
7324020865
7324020866
7324020867
7324020868
7324020869
7324020870
7324020871
7324020872
7324020873
7324020874
7324020875
7324020876
7324020877
7324020878
7324020879
7324020880
7324020881
7324020882
7324020883
7324020884
7324020885
7324020886
7324020887
7324020889
7324020890
7324020891
7324020892
7324020893
7324020894
7324020895
7324020896
7324020897
7324020898
7324020899
7324020900
7324020901
7324020902
7324020903
7324020904
7324020905
7324020906
7324020907
7324020908
7324020909
7324020910
7324020911
7324020912
7324020913
7324020914
7324020915
7324020916
7324020917
7324020918
7324020919
7324020920
7324020921
7324020922
7324020923
7324020924
7324020925
7324020926
7324020927
7324020928
7324020929
7324020930
7324020931
7324020932
7324020933
7324020934
7324020935
7324020936
7324020937
7324020938
7324020939
7324020940
7324020941
7324020942
7324020943
7324020944
7324020945
7324020946
7324020947
7324020948
7324020949
7324020950
7324020951
7324020952
7324020953
7324020954
7324020955
7324020956
7324020957
7324020958
7324020959
7324020960
7324020961
7324020962
7324020963
7324020964
7324020965
7324020966
7324020967
7324020968
7324020969
7324020970
7324020971
7343047044
7343047045
7343047046
7372004467
7402008272
7402008277
7402008289
7402008290
7402008291
7402008296
7402008308
7402008313
7402008462
7402008466
7402008475
7402008490
7402008495
7402008510
7402008530
7402008539
7402008544
7402008546
7402008557
7402008567
7402008580
7402008587
7402008607
7402008608
7402008612
7402008617
7402008625
7402008628
7402008632
7402008643
7402008651
7402008656
7402008663
7402128023
7402173339
7402173345
7402173349
7402173352
7402173356
7402173358
7402173360
7402173361
7402173421
7402173426
7402173429
7402173433
7402173434
7402173437
7402173478
7402173480
7402173481
7402173520
7402173765
7402278918
7402278919
7402278920
7402278921
7402278922
7402278923
7402278924
7402278925
7402278926
7402278927
7402278928
7402278929
7402278930
7402278931
7402278932
7402278933
7402278934
7402278935
7402278936
7402278937
7402278938
7402278939
7402278940
7402278941
7402278942
7438880972
7472040237
7542190015
7573001932
7573001933
7573001934
7573001935
7573001936
7573001937
7573001938
7573001939
7573001940
7573001941
7573001942
7573001943
7573001944
7573001945
7573001946
7573001947
7573001948
7573001949
7573001950
7573001951
7573001952
7573001953
7573001954
7573001955
7573001956
7573001957
7573001958
7573001959
7573001960
7573001961
7573001962
7573001963
7573001964
7573001965
7573001966
7573001967
7573001968
7573001969
7573001970
7573001971
7573001972
7573001973
7573001974
7573001975
7573001976
7573001977
7573001978
7573001979
7573001980
7573001981
7573001982
7573001983
7573001984
7573001985
7573001986
7573001987
7573001988
7573001989
7573001990
7573001991
7573001992
7573001993
7573001994
7573001995
7573001996
7573001997
7573001998
7573005244
7573303001
7573303002
7573303004
7573303005
7573303006
7573303007
7573303008
7573303009
7573303010
7573303011
7573303012
7573303013
7573303014
7573303015
7573303016
7573303017
7573303018
7573303019
7573303020
7573303021
7573303022
7573303023
7573303024
7573303025
7573303026
7573303027
7573303028
7573303029
7573303031
7573303032
7573303033
7573303034
7573303035
7573303036
7573303037
7573303038
7573303039
7573303040
7573303041
7573303042
7573303043
7573303044
7573303045
7573303046
7573303047
7573303048
7573303049
7573303050
7573303051
7573303052
7573303053
7573303054
7573303055
7573303056
7573303057
7573303058
7573303059
7573303060
7573303061
7573303062
7573303063
7573303064
7573303065
7573303066
7573303067
7573303068
7573303069
7573303070
7573303071
7573303072
7573303073
7573303074
7573303075
7573303076
7573303077
7573303078
7573303079
7573303080
7573303081
7573303082
7573303083
7573303084
7573303085
7573303086
7573303087
7573303088
7573303089
7573303090
7573303091
7573303092
7573303093
7573303094
7573303095
7573303096
7573303097
7573303098
7573303099
7573303101
7573303102
7573303103
7573303104
7573303105
7573303106
7573303107
7573303108
7573303109
7573303112
7573303113
7573303114
7573303115
7573303116
7573303117
7573303118
7573303119
7573303121
7573303122
7573303123
7573303124
7573303125
7573303126
7573303127
7573303128
7573303129
7573303131
7573303132
7573303133
7573303134
7573303135
7573303136
7573303137
7573303138
7573303139
7573303141
7573303142
7573303143
7573303144
7573303145
7573303146
7573303147
7573303148
7573303149
7573303150
7573303151
7573303152
7573303153
7573303154
7573303155
7573303156
7573303157
7573303158
7573303159
7573303160
7573303161
7573303162
7573303163
7573303164
7573303165
7573303166
7573303167
7573303168
7573303169
7573303170
7573303171
7573303172
7573303173
7573303174
7573303175
7573303176
7573303177
7573303178
7573303179
7573303180
7573303181
7573303182
7573303183
7573303184
7573303185
7573303186
7573303187
7573303188
7573303189
7573303190
7573303191
7573303192
7573303193
7573303194
7573303195
7573303196
7573303197
7573303198
7573303199
7573303201
7573303202
7573303203
7573303204
7573303205
7573303206
7573303207
7573303208
7573303209
7573303210
7573303211
7573303212
7573303213
7602791334
7602791703
7602791716
7602791726
7602791727
7602791731
7602791733
7602791737
7602791738
7602791743
7602791836
7602791846
7602791855
7602791862
7602791865
7602791873
7602791889
7602791905
7602791907
7602791909
7602791910
7602791939
7602791948
7602791971
7602791972
7602791977
7602798108
7602798143
7602798146
7602798151
7602798475
7602798668
7602798684
7602798691
7602798830
7602798836
7602798840
7602798859
7603093120
7603093121
7603093143
7603093669
7603093692
7603093709
7603139687
7603139688
7603139689
7603139690
7603139691
7603139692
7603139693
7603139694
7603139695
7603139696
7603139697
7603139698
7603139699
7603139701
7603139702
7603139703
7603139704
7603139705
7603139706
7603139707
7603139708
7603139709
7603139710
7603139711
7603139712
7603139713
7603139714
7603139715
7603139716
7603139717
7603139718
7603139719
7603139720
7603139721
7603139722
7603139723
7603139724
7603139725
7603139726
7603139727
7603139728
7603139729
7603139730
7603139731
7603139732
7622001467
7632844204
7653003645
7692011915
7722086529
7733456933
7738394860
7738394863
7738395160
7738399707
7738399708
7738399710
7738399711
7738399713
7738399714
7738399715
7738399717
7738399718
7738399720
7738399721
7738399722
7738399723
7738399724
7738399725
7738399726
7738399727
7738399728
7738399730
7738399731
7738399732
7738399733
7738399734
7738399736
7738399737
7738399738
7738399740
7738399741
7738399742
7738399743
7738399744
7738399745
7738399746
7738399747
7738399748
7738399750
7738399751
7738399752
7738399753
7738399754
7738399756
7738399757
7738399758
7738399760
7738399761
7738399762
7738399763
7738399764
7738399765
7738399766
7738399767
7738399768
7738399770
7738399771
7738399772
7738399773
7738399774
7738399775
7738399776
7738399778
7738399780
7738399782
7738399783
7738399784
7738399785
7738399786
7738399787
7738399788
7738399790
7738399791
7738399792
7738399793
7738399794
7738399796
7738399797
7738399798
7738399801
7738399802
7738399803
7738399804
7738399805
7738399806
7738399808
7738399810
7738399811
7738399812
7738399813
7738399814
7738399815
7738399816
7738399817
7738399818
7738399821
7738399822
7738399823
7738399824
7738399825
7738399826
7738399827
7738399828
7738399830
7738399831
7738399833
7738399834
7738399835
7738399837
7738399838
7738399840
7738399841
7738399842
7738399843
7738399844
7738399845
7738399846
7738399847
7738399848
7738399850
7738399851
7738399853
7738399854
7738399855
7738399856
7738399857
7738399858
7738399860
7738399861
7738399862
7738399863
7738399864
7738399865
7738399866
7738399867
7738399868
7738399870
7738399871
7738399872
7738399873
7738399875
7738399877
7738399878
7738399880
7738399881
7738399882
7738399883
7738399884
7738399885
7738399886
7738399887
7738399890
7738399891
7738399892
7738399893
7738399894
7738399895
7738399896
7738399897
7738399898
7738399901
7738399902
7738399903
7738399904
7738399905
7738399906
7738399907
7738399908
7738399910
7738399911
7738399912
7738399913
7738399914
7738399915
7738399916
7738399917
7738399918
7738399920
7738399921
7738399922
7738399923
7738399924
7738399926
7738399927
7738399928
7738399930
7738399931
7738399932
7738399933
7738399934
7738399935
7738399936
7738399937
7738399938
7738399940
7738399941
7738399942
7738399943
7738399945
7738399946
7738399947
7738399948
7738399950
7738399951
7738399952
7738399953
7738399954
7738399956
7738399957
7738399958
7738399960
7738399961
7738399962
7738399963
7738399964
7738399965
7738399966
7738399967
7738399968
7738399970
7738399971
7738399972
7738399973
7738399974
7738399975
7738399976
7738399978
7738399980
7738399981
7738399982
7738399983
7738399984
7738399985
7738399986
7738399987
7738399991
7738399992
7738399994
7738399995
7738399996
7738697736
7738697741
7738697743
7738697746
7738697750
7738697751
7738697754
7738697764
7738697765
7738697774
7738697775
7738697780
7738697811
7738697821
7738697824
7738697830
7738697833
7738697834
7738697842
7738697844
7738697845
7738697851
7738697853
7738697857
7738697860
7738697863
7738697865
7738697868
7738697871
7738697874
7738697882
7738697921
7738697924
7738697928
7742095406
7752350707
7792188511
7812079508
7812079519
7812079531
7852124018
7852144632
7852144673
7864813110
7864813117
7864813122
7864813125
7864813128
7864813130
7864813132
7864813134
7865721647
7865721648
7865721649
7865721650
7865721651
7865721652
7865721653
7865721654
7865721655
7865721656
7865721657
7865721659
7865721660
7865721661
7865721662
7865721663
7865721664
7865721665
7865721667
7865721668
7865721669
7865721670
7865721671
7865721672
7865721673
7865721674
7865721675
7865721676
7865721677
7865721678
7865721679
7865721680
7865721681
7865721682
7865721683
7865721684
7865721685
7865721686
7865721687
7865721688
7865721689
7865721690
7865721691
7865721692
7865721693
7865721694
7865721695
7865721696
7865721697
7865721698
7865721699
7865721701
7865721702
7865721703
7865721704
7865721705
7865721706
7865721707
7865721708
7865721709
7865721710
7865721711
7865721712
7865721713
7865721714
7865721715
7865721716
7865721717
7865721718
7865721719
7865721720
7865721721
7865721722
7865721723
7865721724
7865721725
7865721726
7865721727
7865721728
7865721729
7865721730
7865721731
7865721732
7865721733
7865721734
7865721735
7865721736
7865721737
7865721738
7865721739
7865721740
7865721741
7865721742
7865721743
7865721744
7865721745
7865721746
7865721747
7865721748
7865721749
7865721750
7865721751
7865721752
7865721753
7865721754
7865721755
7865721756
7865721757
7865721758
7865721759
7865721760
7865721761
7865721762
7865721763
7865721764
7865721765
7865721766
7865721767
7865721768
7865721769
7865721770
7865721771
7865721772
7865721773
8016836571
8016836572
8016836573
8016836574
8016836576
8016836577
8016836578
8032194984
8032194985
8032194986
8032194987
8032194988
8032194989
8032194990
8032194991
8032194992
8032194993
8032194994
8032194995
8032194996
8032194997
8032194998
8032813125
8032813131
8032813132
8032813246
8032813256
8032813261
8032813274
8032813288
8032813291
8032813295
8032813298
8032813806
8032813809
8032813820
8032813949
8032813953
8032813955
8032813973
8032813985
8032813988
8032814014
8032814017
8032814038
8032814041
8032814925
8032814941
8032814949
8032814950
8032814965
8032814975
8032814994
8032814997
8032914128
8032914142
8032914705
8032914808
8032915915
8032915926
8032915948
8032915982
8032915987
8033024029
8033024703
8033024708
8033024711
8033024712
8033024724
8033024729
8033024746
8033024749
8033024752
8033024756
8033024762
8033024767
8033024772
8033024821
8033024832
8033024837
8033024841
8033024850
8033024853
8033024855
8033028656
8033028678
8033028679
8033028681
8033028703
8033028707
8033028716
8033028724
8033028734
8033028739
8033028742
8033028745
8033028758
8033028762
8033028763
8033028789
8033028791
8033028798
8033028809
8033028811
8033028812
8033028816
8033028823
8033028833
8033028838
8033028860
8033028869
8033028879
8033028883
8033028884
8033028891
8033028893
8033028897
8033028903
8033028904
8033028915
8033028916
8033028949
8033028954
8033028993
8033730507
8033730521
8033730528
8033730530
8033730532
8033730539
8033730540
8033730546
8033730549
8033730559
8033730562
8033730568
8033730593
8033730598
8033730605
8033730616
8033730626
8033730684
8033730685
8033730686
8033730687
8033730688
8033730689
8033730690
8033730691
8033730692
8033730693
8033730694
8033730695
8033730696
8033730697
8033730698
8033730699
8033730701
8033730702
8033730703
8033730704
8033730705
8033730706
8033730707
8033730708
8033730709
8033730710
8033730711
8033730712
8033730713
8033730714
8033730715
8033730716
8033730717
8033730718
8033730719
8033730720
8033730721
8033730722
8033730723
8033730724
8033730725
8033730726
8033730727
8033730728
8033730729
8033730730
8033730731
8033730732
8033730733
8033730734
8033730735
8033730736
8033730737
8033730738
8033730739
8033730740
8033730741
8033730742
8033730743
8033730744
8033730745
8033730746
8033730747
8033730748
8033730749
8033730750
8033730751
8033730752
8033730753
8033730754
8033730755
8033730756
8033730757
8033730758
8033730759
8033730760
8033730761
8033730762
8033730763
8033730764
8033730765
8033730766
8033730767
8033730768
8033730769
8033730770
8033730771
8033730772
8033730773
8033730774
8033730775
8033730776
8033730778
8033730779
8033730780
8033730781
8033730782
8033730783
8033730784
8033730785
8033730786
8033730787
8033730788
8033730789
8033730790
8033730791
8033730792
8033730793
8033730794
8033730795
8033730796
8033730797
8033730798
8033730799
8033730801
8033730802
8033730803
8033730804
8033730805
8033730806
8033730807
8033730808
8033730809
8033730810
8033730811
8033730812
8033730813
8033730814
8033730815
8033730816
8042030242
8042030294
8042030299
8042030302
8042030309
8042030310
8042030311
8042030312
8042030724
8042030727
8042030728
8042030729
8042030731
8042030733
8042030737
8042030738
8042932862
8042933831
8042933849
8042933853
8042933881
8042933893
8042933895
8042933908
8042933917
8042933920
8042933923
8042933925
8042933931
8042933952
8042933960
8042933965
8042933978
8042942348
8042942403
8042942469
8042942472
8042942496
8042942506
8042942527
8042942531
8042942534
8042942535
8042942538
8042942550
8042942557
8042942559
8042942566
8042942571
8042942580
8042942587
8042942610
8042942621
8042942624
8043159054
8043159055
8043159056
8043159057
8043159058
8043159059
8043159060
8043159061
8043159062
8043159063
8043159064
8043159065
8043159066
8043159067
8043159068
8043159069
8043159070
8043159071
8043159072
8043159073
8043159074
8043159075
8043159076
8043159077
8043159078
8043159079
8052090007
8052090043
8052090044
8065157428
8065157429
8065157430
8084686041
8084686042
8084686043
8102028495
8102028576
8102028580
8123704961
8134379680
8134379681
8134379682
8142059121
8142059122
8142059123
8154585620
8154585621
8154585622
8162072088
8162810596
8162810599
8162810607
8162810611
8162810616
8162810617
8172075299
8172075301
8172075302
8172075303
8172075304
8172075305
8172075306
8172075307
8172075308
8172075309
8172075310
8172075312
8172075314
8172075315
8172075316
8172075317
8172075318
8172075319
8172075320
8172075321
8172075322
8172075323
8172075324
8172075325
8172075326
8172075327
8172075328
8172075329
8172075330
8172075331
8172075332
8172075334
8172075335
8172075336
8172075337
8172075338
8172075339
8172075340
8172075341
8172075342
8172075343
8172075344
8172075345
8172075346
8172075347
8172075348
8172075349
8172075350
8172075351
8172075352
8172075354
8172075355
8172075356
8172075357
8172075358
8172075359
8172075360
8172075361
8172075362
8172075363
8172075364
8172075365
8172075366
8172075367
8172075368
8172075369
8172075370
8172075371
8172075372
8172075373
8172075374
8172075375
8172075376
8172075377
8172075378
8172075379
8172075380
8172075381
8172075382
8172075383
8172075384
8172075385
8172075386
8172075387
8172075388
8172075389
8172075390
8172075391
8172075392
8172075393
8172075394
8172075395
8172075396
8172075397
8172075398
8172075399
8172075401
8172075402
8172075403
8172075404
8172075405
8172075406
8172075407
8172075408
8172075409
8172075410
8172075411
8172075412
8172075413
8172075414
8172075415
8172075416
8172075417
8172075418
8172075419
8172075420
8172075421
8172075422
8172075423
8172075424
8172075425
8172075426
8172075427
8172075428
8172075429
8172075430
8172075431
8172075432
8172075433
8172075434
8172075435
8172075436
8172075437
8172075438
8172075439
8172075440
8172075441
8172075442
8172075443
8172075445
8172075446
8172075447
8172075448
8172075449
8172075450
8172075451
8172075452
8172075453
8172075454
8172075455
8172075456
8172075457
8172075458
8172075459
8172075460
8172075461
8172075462
8172075463
8172075464
8172075465
8172075466
8172075467
8172075468
8172075469
8172075470
8172075471
8172075472
8172075473
8172075474
8172075475
8172075476
8172075477
8172075478
8172075479
8172075480
8172075481
8172075482
8172075483
8172075484
8172075485
8172075486
8172075487
8172075488
8172075489
8172075490
8172075491
8172075492
8172075493
8172075494
8172075495
8172075496
8172075497
8172075498
8172075499
8172075501
8172075502
8172075503
8172075504
8172075505
8172075506
8172075507
8172075508
8172075509
8172075510
8172075511
8172075512
8172075513
8172075514
8172075515
8172075516
8172075517
8172075518
8172075519
8172075520
8172075521
8172075522
8172075523
8172075524
8172075525
8172075526
8172075527
8172075528
8172075529
8172075530
8172075531
8172075532
8172075533
8172075534
8172075535
8172075536
8172075537
8172075538
8172075539
8172075540
8172075541
8172075542
8172075543
8172075544
8172075545
8172075546
8172075547
8172075548
8172075549
8172075550
8172075551
8172075552
8172075553
8172075554
8172075556
8172075557
8172075558
8172075559
8172075560
8172075561
8172075562
8172075563
8172075564
8172075565
8172075566
8172075567
8172075568
8172075569
8172075570
8172075571
8172075572
8172075573
8172075574
8172075575
8172075576
8182148284
8182148288
8182148289
8282487710
8282487712
8282487750
8302028267
8312010582
8382011030
8432060262
8432060268
8432060271
8432060286
8432060289
8432060290
8432060407
8432060453
8432060510
8432060544
8432060548
8432060612
8432060627
8432060638
8432060640
8432060650
8432060651
8432060654
8432060656
8432060658
8432060923
8432060930
8432060931
8432060932
8432060934
8432060939
8432420080
8432530374
8432530380
8432530383
8432530396
8432530439
8432530443
8432530456
8432530463
8432530473
8432530484
8432530489
8432530490
8432530501
8432530507
8432530514
8432530515
8432530517
8432530523
8432530528
8432530538
8432530563
8432530568
8432530581
8432530587
8432530592
8432530593
8432530611
8432530624
8432530627
8432530635
8432530649
8432534197
8432534206
8432534225
8432534230
8432534237
8432534241
8432534245
8432534249
8432534275
8432534356
8432534370
8432534377
8432534403
8432534410
8432534412
8432534420
8432534425
8432534426
8432534429
8432534432
8432534469
8432534471
8432534492
8432534603
8432534608
8432534612
8432534620
8432534624
8432534633
8432534635
8432534639
8432534718
8432534720
8432534751
8432680214
8432680215
8432680216
8432680217
8432680218
8432680219
8432680220
8432680221
8432680223
8432680224
8432680225
8432680226
8432680227
8432680228
8432680230
8432680231
8432680232
8432680233
8432680234
8432680235
8432680236
8432680237
8432680238
8432680239
8432680240
8432680241
8432680242
8432680243
8432680244
8432680245
8432680246
8432680247
8432680248
8432680249
8432680250
8432680251
8432680252
8432680253
8432680254
8432680255
8432680256
8432680257
8432680258
8432680259
8432680260
8432680261
8432680262
8432680263
8432680264
8432680265
8432680266
8432680267
8432680268
8432680269
8432680270
8432680271
8432680272
8432680273
8432680274
8432680275
8432680276
8432680277
8432680278
8432680279
8432680280
8432680281
8432680282
8432680283
8432680284
8432680285
8432680286
8432680287
8432680288
8432680289
8433064198
8433064227
8433064228
8433064231
8433064233
8433064235
8433064237
8433064238
8433064242
8433064244
8433064246
8433064253
8433064267
8433064268
8433064270
8433064271
8433064274
8433064276
8433064277
8433064279
8433064294
8433064301
8433064306
8433064309
8433064314
8433064316
8433064327
8433064331
8433064336
8433064337
8433064338
8433064341
8433064343
8433064345
8433064346
8433064348
8433064349
8433064362
8433064363
8433064367
8433064372
8433064376
8433064382
8433064383
8433064392
8433064393
8433064394
8433064395
8433064396
8433064401
8433064406
8433064407
8433064409
8433064410
8433064411
8433064412
8433064413
8433064416
8433064420
8433064425
8433064428
8433064441
8433106619
8433106630
8433106636
8433106638
8433106726
8433106730
8433106736
8433106740
8452033243
8452033270
8452033271
8476413504
8476413505
8476413506
8476413507
8476413508
8476413509
8476413511
8476413512
8476413513
8476413515
8476413516
8476413517
8476413518
8476413519
8476413521
8476413522
8476413523
8476413524
8476413526
8476413527
8476413528
8476413529
8476413531
8476413532
8476413533
8476413535
8476413536
8476413537
8476413538
8476413539
8476413541
8476413542
8476413543
8476413544
8476413545
8476413546
8476413547
8476413548
8476413549
8476413550
8476413551
8476413552
8476413553
8476413554
8476413556
8476413557
8476413558
8476413559
8476413560
8476413561
8476413562
8476413563
8476413564
8476413565
8476413566
8476413567
8476413568
8476413569
8476413570
8476413571
8476413572
8476413573
8476413574
8476413575
8476413576
8476413577
8476413578
8476413579
8476413580
8476413581
8476413582
8476413583
8476413584
8476413585
8476413586
8476413587
8476413588
8476413589
8476413590
8476413591
8476413592
8476413593
8476413594
8476413595
8476413596
8476413597
8476413598
8476413599
8476413601
8476413602
8476413603
8476413604
8476413605
8476413606
8476413607
8476413608
8476413609
8476413610
8476413611
8476413612
8476413614
8476413615
8476413616
8476413617
8476413618
8476413619
8476413620
8476413621
8476413623
8476413625
8476413626
8476413627
8476413628
8476413629
8476413630
8476413631
8476413632
8476413633
8476413634
8476413635
8476413636
8476413637
8476413638
8476413639
8476413640
8476413641
8476413642
8476413643
8476413644
8476413645
8476413646
8476413648
8476413649
8476413650
8476413651
8476413652
8476413653
8476413654
8476413655
8476413656
8476413657
8476413659
8476413660
8476413661
8476413663
8476413664
8476413665
8476413667
8476413668
8476413669
8476413670
8476413671
8476413672
8476413673
8476413674
8476413675
8476413676
8476413677
8476413678
8476413679
8476413681
8476413682
8476413683
8476413684
8476413685
8476413686
8476413687
8476413688
8476413689
8476413690
8476413691
8476413692
8476413693
8476413694
8476413695
8476413696
8482160968
8508055380
8508055381
8508055382
8542273031
8562120022
8562120068
8562120070
8562120086
8562120089
8562120090
8562120092
8562120095
8562120177
8562120179
8562120191
8562120192
8562120193
8562120194
8562120195
8562120196
8562120656
8562120659
8562120858
8562120873
8562121511
8562121515
8562121521
8562121534
8562121539
8562121540
8562121594
8562121624
8562121627
8562121647
8562121653
8562121658
8562121661
8562121670
8562121672
8562121680
8562121693
8562121695
8562121698
8562121711
8562121729
8562121730
8562121744
8562121745
8562121752
8562121761
8562121772
8562121775
8562121780
8562121808
8562121823
8562121824
8562121829
8562121830
8562121831
8562121832
8562452216
8562452217
8562452218
8562452219
8562452221
8562452225
8562452226
8562452237
8562452241
8562452249
8562452259
8562452266
8562452267
8562452268
8562452275
8562452279
8562452280
8562452597
8562452598
8562452599
8572166588
8582214904
8592096371
8592096372
8592096373
8592096374
8592096375
8592096376
8592096377
8592096378
8592096379
8592096380
8592096381
8592096382
8592096383
8592096384
8592096385
8592096386
8592096387
8592096388
8592096389
8592096390
8592096391
8592096392
8592096393
8592096394
8592096395
8592096396
8592096397
8592096398
8592096399
8592096401
8592096402
8592096403
8592096404
8592096405
8592096406
8592096407
8592096408
8592096409
8592096410
8592096411
8592096412
8592096413
8592096414
8592096415
8592096416
8592096417
8592096418
8592096419
8592096420
8592096421
8592096422
8592096423
8592096424
8592096425
8592096426
8592096427
8592096428
8592096429
8592096430
8592096431
8592096432
8592096433
8592096434
8592096435
8592096436
8592096437
8592096438
8592096439
8592096440
8592096441
8592096442
8592096443
8592096445
8592096446
8592096447
8592096448
8592096449
8592096450
8592096451
8592096452
8592096453
8592096454
8592096455
8592096456
8592096457
8592096458
8592096459
8592096460
8592096461
8592096462
8592096463
8592096464
8592096465
8592096466
8592096467
8592096468
8592096469
8592096470
8592096471
8592096472
8592096473
8592096474
8592096475
8592096476
8592096477
8592096478
8592096479
8592096480
8592096481
8592096482
8592096483
8592096484
8592096485
8592096486
8592096487
8592096488
8592096489
8592096490
8592096491
8592096492
8592096493
8592096494
8592096495
8592096496
8592096497
8592096498
8592096499
8592096501
8592096502
8592096503
8592096504
8592096505
8603008181
8603008182
8603008184
8603008185
8603008186
8603008187
8603008188
8603008189
8603008190
8603008191
8603008192
8603008194
8603008195
8603008196
8603008197
8603008198
8603008199
8603008201
8603008202
8603008203
8603008204
8603008205
8603008206
8603008207
8603008208
8603008209
8603008210
8603008211
8603008212
8603008213
8603008214
8603008215
8603008216
8603008217
8603008218
8603008219
8603008220
8603008221
8603008223
8603008224
8603008225
8603008226
8603008227
8603008228
8603008229
8603008230
8603008231
8603008232
8603008233
8603008234
8603008235
8603008236
8603008237
8603008238
8603008239
8603008240
8603008241
8603008242
8603008243
8603008244
8603008245
8603008246
8603008247
8603008248
8603008249
8603008250
8603008251
8603008252
8603008253
8603008254
8603008255
8603008256
8603008257
8603008258
8603008259
8603008260
8603008261
8603008262
8603008263
8603008264
8603008265
8603008266
8603008267
8603008268
8603008269
8603008270
8603008271
8603008272
8603008273
8603008274
8603008275
8603008276
8603008277
8603008278
8603008279
8603008280
8603008281
8603008282
8603008283
8603008284
8603008285
8603008286
8603008287
8603008288
8603008289
8603008290
8603008291
8603008292
8603008293
8603008294
8603008295
8603008296
8603008297
8603008298
8603008299
8603008301
8603008302
8603008303
8603008304
8603008305
8603008306
8603008307
8603008308
8603008309
8603008310
8603008311
8603008312
8603008313
8603008314
8603008315
8603008316
8603008317
8622120284
8632608966
8642077701
8642077924
8642077929
8642077967
8642077969
8642077971
8642077974
8642077977
8642077979
8642077984
8642077985
8642077991
8642077994
8642077996
8643016572
8643016626
8643016627
8643622422
8643622430
8643622911
8643742532
8643742533
8643742534
8643742536
8643742589
8643742687
8643742698
8643742703
8643742754
8643742762
8643742779
8643742803
8643742833
8643742851
8643742856
8643742869
8643742873
8643742878
8643742880
8643742887
8643742892
8643742907
8643742919
8643742923
8643742954
8643742957
8643830420
8643830426
8643830432
8643830448
8643830455
8643830459
8643830461
8643830469
8643830480
8643830490
8643830501
8643830506
8643830510
8643830513
8643830519
8643830528
8643830549
8643830550
8643830551
8643830552
8643830553
8643830740
8643830742
8643830749
8643830752
8643830760
8643830781
8643830784
8652902041
8652902042
8652902043
8652902044
8652902045
8652902046
8652902047
8652902048
8652902049
8652902050
8652902051
8652902052
8652902053
8652902054
8652902055
8652902056
8652902057
8652902058
8652902059
8652902060
8652902061
8652902062
8652902063
8652902064
8652902065
8652902066
8652902067
8652902068
8652902069
8652902070
8652902071
8652902072
8652902073
8652902074
8652902075
8652902076
8652902077
8652902078
8652902079
8652902080
8652902081
8652902082
8652902083
8652902084
8652902085
8652902086
8652902087
8652902088
8652902089
8652902090
8652902091
8652902092
8652902093
8652902094
8652902095
8652902096
8652902097
8652902098
8652902099
8652902101
8652902102
8652902103
8652902104
8652902105
8652902106
8652902107
8652902108
8652902109
8652902110
8652902112
8652902113
8652902114
8652902115
8652902116
8652902117
8652902118
8652902119
8652902120
8652902121
8652902122
8652902123
8652902124
8652902125
8652902126
8652902127
8652902128
8652902129
8652902130
8652902131
8652902132
8652902133
8652902134
8652902135
8652902136
8652902137
8652902138
8652902139
8652902140
8652902141
8652902142
8652902143
8652902144
8652902145
8652902146
8652902147
8652902148
8652902149
8652902150
8652902151
8652902152
8652902153
8652902154
8652902155
8652902156
8652902157
8652902158
8652902159
8652902160
8652902161
8652902162
8652902163
8652902164
8652902165
8652902166
8652902167
8652902168
8652902169
8652902170
8652902171
8652902172
8652902173
8652902174
8703455459
8704744695
8704744696
8722040788
8782031616
9013505810
9013505811
9013505812
9013505813
9013505814
9013505815
9013505816
9013505817
9013505818
9013505819
9013505820
9013505821
9013505822
9013505823
9013505824
9013505825
9013505826
9013505827
9013505828
9013505829
9013505830
9013505831
9013505832
9013505833
9013505834
9013505835
9013505836
9013505837
9013505838
9013505839
9013505840
9013505841
9013505842
9013505843
9013505844
9013505845
9013505846
9013505847
9013505848
9013505849
9013505850
9013505851
9013505852
9013505853
9013505854
9013505855
9013505856
9013505857
9013505858
9013505859
9013505860
9013505861
9013505862
9013505863
9013505864
9013505865
9013505866
9013505867
9013505868
9013505869
9013505870
9013505871
9013505872
9013505873
9013505874
9013505875
9013505876
9013505877
9013505878
9013505879
9013505880
9013505881
9013505882
9013505883
9013505884
9013505885
9013505886
9013505887
9013505889
9013505890
9013505891
9013505892
9013505893
9013505894
9013505895
9013505896
9013505897
9013505898
9013505899
9013505901
9013505902
9013505903
9013505904
9013505905
9013505906
9013505907
9013505908
9013505909
9013505910
9013505911
9013505912
9013505913
9013505914
9013505915
9013505916
9013505917
9013505918
9013505919
9013505920
9013505921
9013505922
9013505923
9013505924
9013505925
9013505926
9013505927
9013505928
9013505929
9013505930
9013505931
9013505932
9013505933
9013505934
9013505935
9013505936
9013505937
9013505938
9013505939
9013505940
9013505941
9013505942
9013505943
9013505944
9013505945
9013505946
9013505947
9013505948
9013505949
9013505950
9013505951
9013505952
9013505953
9013505954
9013505955
9013505956
9013505957
9013505958
9013505959
9013505960
9013505961
9013505962
9013505963
9013505964
9013505965
9013505966
9013505967
9013505968
9013505969
9013505970
9013505971
9013505972
9013505973
9013505974
9013505975
9013505976
9013505977
9013505978
9013505979
9013505980
9013505981
9013505982
9013505983
9013505984
9013505985
9013505986
9013505987
9013505988
9013505989
9013505990
9013505991
9013505992
9013505993
9013505994
9013505995
9013505996
9013505997
9013505998
9013506001
9013506002
9013506003
9013506004
9013506005
9013506006
9013506007
9013506008
9013506009
9013506010
9013506011
9013506012
9013506013
9013506014
9013506015
9013506016
9013506017
9013506018
9013506019
9013506020
9013506021
9013506022
9013506023
9013506024
9013506025
9013506026
9013506027
9013506028
9013506029
9013506030
9013506031
9013506032
9013506033
9013506034
9013506035
9013506036
9013506037
9013506038
9013506039
9013506040
9013506041
9013506042
9013506043
9013506044
9013506045
9013506046
9013506047
9013506048
9013506049
9013506050
9013506051
9013506052
9013506053
9013506054
9013506055
9013506056
9013506057
9013506058
9013506059
9013506060
9013506061
9013506062
9013506063
9013506064
9013506065
9013506066
9013506067
9013506068
9013506069
9013506070
9013506071
9013506072
9013506073
9013506074
9013506075
9013506076
9013506077
9013506078
9013506079
9032901549
9032901550
9032901551
9032901552
9032901553
9032901554
9032901556
9032901557
9032901558
9032901559
9032901560
9032901561
9032901562
9032901563
9032901564
9032901565
9032901566
9032901567
9032901568
9032901569
9032901570
9032901571
9032901572
9032901573
9032901574
9032901575
9032901576
9032901577
9032901578
9032901579
9032901580
9032901581
9032901582
9032901583
9032901584
9032901585
9032901586
9032901587
9032901588
9032901589
9032901590
9032901591
9032901592
9032901593
9032901594
9032901595
9032901596
9032901597
9032901598
9032901599
9032901601
9032901602
9032901603
9032901604
9032901605
9032901606
9032901607
9032901608
9032901609
9032901610
9032901611
9032901612
9032901613
9032901614
9032901615
9032901616
9032901617
9032901618
9032901619
9032901620
9032901621
9032901622
9032901623
9032901624
9032901625
9032901626
9032901627
9032901628
9032901629
9032901630
9032901631
9032901632
9032901633
9032901634
9032901635
9032901636
9032901637
9032901638
9032901639
9032901640
9032901641
9032901642
9032901643
9032901644
9032901645
9032901646
9032901647
9032901648
9032901649
9032901650
9032901651
9032901652
9032901653
9032901654
9032901655
9032901656
9032901657
9032901658
9032901659
9032901660
9032901661
9032901662
9032901663
9032901664
9032901665
9032901667
9032901668
9032901669
9032901670
9032901671
9032901672
9032901673
9032901674
9032901675
9032901676
9032901677
9032901678
9032901679
9032901680
9032901681
9032901682
9032901683
9045674586
9045674587
9045674588
9082742094
9082742103
9082742106
9082742107
9082742110
9082742121
9082742123
9082742139
9082742140
9082742157
9082742159
9082742161
9083325831
9083325832
9083651609
9083651610
9083651611
9083651612
9083651613
9083651614
9083651615
9083651616
9083651617
9083651618
9083651619
9083651620
9083651621
9083651622
9083651623
9083651624
9083651625
9083651626
9083651627
9083651628
9083651629
9083651630
9083651631
9083651632
9083651633
9083651634
9083651635
9083651636
9083651637
9083651638
9083651639
9083651640
9083651641
9083651642
9083651643
9083651644
9083651645
9083651646
9083651647
9083651648
9083651649
9083651650
9083651651
9083651652
9083651653
9083651654
9083651655
9083651656
9083651657
9083651658
9083651659
9083651660
9083651661
9083651662
9083651663
9083651664
9083651665
9083651667
9083651668
9083651669
9083651670
9083651671
9083651672
9083651673
9083651674
9083651675
9083651676
9083651677
9083651678
9083651679
9083651680
9083651681
9083651682
9083651684
9083651685
9083651686
9083651687
9083651688
9083651689
9083651690
9083651691
9083651692
9083651693
9083651694
9083651695
9083651696
9083651697
9083651698
9083651699
9083651701
9083651702
9083651703
9083651704
9083651705
9083651706
9083651707
9083651708
9083651709
9083651710
9083651711
9083651712
9083651713
9083651714
9083651715
9083651716
9083651717
9083651718
9083651719
9083651720
9083651721
9083651722
9083651723
9083651724
9083651725
9083651726
9083651727
9083651728
9083651729
9092527889
9093100350
9093100354
9093108467
9093108468
9093108469
9093108470
9093108471
9093108472
9093108473
9093108474
9093108475
9093108476
9093108477
9093108478
9093108479
9093108480
9093108481
9093108482
9093108483
9093108484
9093108485
9093108486
9093108487
9093108488
9093108489
9093108490
9093108491
9093108492
9093108493
9093108494
9093108495
9093108496
9093108497
9093108498
9093108499
9093108501
9093108502
9093108503
9093108504
9093108505
9093108506
9093108507
9093108508
9093108509
9093108510
9093108511
9093108512
9093108513
9093108514
9093108515
9093108516
9093108517
9093108518
9093108519
9093108520
9093108521
9093108522
9093108523
9093108524
9093108525
9093108526
9093108527
9093108528
9093108529
9093108530
9093108531
9093108532
9093108533
9093108534
9093108535
9093108536
9093108537
9093108538
9093108539
9093108540
9093108541
9093108542
9093108543
9093108544
9093108545
9093108546
9093108547
9093108548
9093108549
9093108550
9093108551
9093108552
9093108553
9093108554
9093108556
9093108557
9093108558
9093108559
9093108560
9093108561
9093108562
9093108563
9093108564
9093108565
9093108566
9093108567
9093108568
9093108569
9093108570
9093108571
9093108572
9093108573
9093108574
9093108576
9093108577
9093108578
9093108579
9093108580
9093108581
9093108582
9093108583
9093108584
9093108585
9093108586
9093108587
9093108588
9093108589
9093108590
9093108591
9093108592
9093108593
9093108594
9093108595
9093108596
9093108597
9093108598
9102944542
9102944562
9102944563
9102944571
9103562486
9103562488
9103562489
9103562490
9103562491
9103562492
9103562493
9103562494
9103562495
9103562496
9103562497
9103562498
9103562499
9103562501
9103562502
9103562503
9103562504
9103562505
9103562506
9103562507
9103562509
9103562510
9103562511
9103562512
9103562513
9103562514
9103562515
9103562516
9103562517
9103562518
9103562519
9103562520
9103562521
9103562522
9103562523
9103562524
9103562526
9103562527
9103562528
9103562529
9103562530
9103562531
9103562532
9103562533
9103562534
9103562535
9103562536
9103562537
9103562538
9103562539
9103562540
9103562541
9103562542
9103562543
9103562544
9103562545
9103562546
9103562547
9103562548
9103562549
9103562550
9103562551
9103562552
9103562553
9103562554
9103562556
9103562557
9103562558
9103562559
9103562560
9103562561
9103562562
9103562563
9103562564
9103562565
9103562566
9103562567
9103562568
9103562569
9103562570
9103562571
9103562572
9103562573
9103562574
9103562575
9103562576
9103562577
9103562578
9103562579
9103562580
9103562581
9103562582
9103562583
9103562584
9103562585
9103562586
9103562587
9103562588
9103562589
9103562590
9103562591
9103562592
9103562593
9103562594
9103562595
9103562596
9103562597
9103562598
9103562599
9103562601
9103562602
9103562603
9103562604
9103562605
9103562606
9103562607
9103562608
9103562609
9103562610
9103562611
9103562612
9103562613
9103562614
9103562615
9103562616
9103562617
9103562618
9103562619
9103562620
9103562621
9103562622
9103562623
9103562624
9103562625
9103562626
9103562627
9103562628
9103562629
9103562630
9103562631
9103562632
9103562633
9103562634
9103562635
9103562636
9103562637
9103562638
9103562639
9103562640
9103562641
9103562642
9103562643
9103562644
9103562645
9103562646
9103562647
9103562648
9103562649
9103562650
9103562651
9103562652
9103562653
9103562654
9103562655
9103562656
9103562657
9103562658
9103562659
9103562660
9103562661
9103562662
9103562663
9103562664
9103562665
9103562667
9103562668
9103562669
9103562670
9103562671
9103562672
9103562673
9103562674
9103562675
9103562676
9103562677
9103562678
9103562679
9103562680
9103562681
9103562682
9103562683
9103562684
9103562685
9103562686
9103562687
9103562688
9103562689
9103562690
9103562691
9103562692
9103562693
9103562694
9103562695
9103562696
9103562697
9103562698
9103562699
9103562701
9103562702
9103562703
9103562704
9103562705
9103562706
9103562707
9103562708
9103562709
9103562710
9103562711
9103562712
9103562713
9103562714
9103562715
9103562716
9103562717
9103562718
9103562719
9103562720
9103562721
9103562722
9103562723
9103562724
9103562725
9103562726
9103562727
9103562728
9103562729
9103562730
9103562731
9103562732
9103562733
9103562734
9103562735
9103562736
9103562737
9103562738
9103562739
9103562740
9103562741
9103562742
9103562743
9103562744
9103562745
9103562746
9103562747
9103562748
9103562749
9103562750
9103562751
9103562752
9103562753
9103562754
9103562755
9103562756
9103562757
9103562758
9122747001
9122747002
9122747003
9122747004
9122747005
9122747006
9122747007
9122747008
9122747009
9122747010
9122747011
9122747012
9122747013
9122747014
9122747015
9122747016
9122747017
9122747018
9122747019
9122747020
9122747021
9122747022
9122747023
9122747024
9122747025
9122747026
9122747027
9122747028
9122747029
9122747030
9122747031
9122747032
9122747033
9122747034
9122747035
9122747036
9122747037
9122747038
9122747039
9122747040
9122747041
9122747042
9122747043
9122747044
9122747045
9122747046
9122747047
9122747048
9122747049
9122747050
9122747051
9122747052
9122747053
9122747054
9122747055
9122747056
9122747057
9122747058
9122747059
9122747060
9122747061
9122747062
9122747063
9122747064
9122747065
9122747066
9122747067
9122747068
9122747069
9122747070
9122747071
9122747072
9122747073
9122747074
9122747075
9122747076
9122747077
9122747078
9122747079
9122747080
9122747081
9122747082
9122747083
9122747084
9122747085
9122747086
9122747087
9122747088
9122747089
9122747090
9122747091
9122747092
9122747093
9122747094
9122747095
9122747096
9122747097
9122747098
9122747099
9122747101
9122747102
9122747103
9122747104
9122747105
9122747106
9122747107
9122747108
9122747109
9122747110
9122747112
9122747113
9122747114
9122747115
9122747116
9122747117
9122747118
9122747119
9122747120
9122747121
9122747122
9122747123
9122747124
9122747125
9122747126
9122747127
9122747128
9122747129
9122747130
9122747131
9122747132
9122747133
9122747134
9132040919
9132040927
9132040928
9142186626
9142186765
9142186766
9166194275
9166194276
9166194277
9166194278
9166194279
9166194280
9166194281
9166194282
9166194283
9166194284
9166194285
9166194286
9166194287
9166194288
9166194289
9166194290
9166194291
9166194292
9166194293
9166194294
9166194295
9166194296
9166194297
9166194298
9166194299
9166194301
9166194302
9166194303
9166194304
9166194305
9166194306
9166194307
9166194308
9166194309
9166194310
9166194311
9166194312
9166194313
9166194314
9166194315
9166194316
9166194317
9166194318
9166194319
9166194320
9166194322
9166194323
9166194324
9166194325
9166194326
9166194327
9166194328
9166194329
9166194330
9166194331
9166194332
9166194334
9166194335
9166194336
9166194337
9166194338
9166194339
9166194340
9166194341
9166194342
9166194343
9166194344
9166194345
9166194346
9166194347
9166194348
9166194349
9166194350
9166194351
9166194352
9166194353
9166194354
9166194355
9166194356
9166194358
9166194359
9166194360
9166194361
9166194362
9166194363
9166194364
9166194365
9166194366
9166194367
9166194368
9166194369
9166194370
9166194371
9166194372
9166194373
9166194374
9166194375
9166194376
9166194377
9166194378
9166194379
9166194380
9166194381
9166194382
9166194383
9166194384
9166194385
9166194386
9166194387
9166194388
9166194389
9166194390
9166194391
9166194392
9166194393
9166194394
9166194395
9166194396
9166194397
9166194398
9166194399
9166194401
9166194402
9166194403
9166194404
9166194405
9166194406
9166194407
9166194408
9166194409
9166194410
9166194411
9177088329
9177088443
9177088448
9177088460
9177088461
9177088462
9177088466
9182058053
9182058472
9182058473
9182058474
9182058477
9182058478
9182058483
9182058484
9182157427
9182157428
9182157430
9182157432
9182157434
9182157436
9182174895
9182174897
9182174904
9182174913
9182174918
9182174919
9182387236
9182387241
9182387252
9182387275
9182387283
9182387684
9182387688
9182387694
9182387701
9182387712
9182387728
9182387736
9182387754
9182387760
9182387771
9182387774
9182387778
9182387780
9182388139
9182388143
9182388164
9182388169
9182388182
9182388212
9184807272
9184807273
9184807274
9184807275
9184807276
9184807277
9184807278
9184807279
9184807280
9184807281
9184807282
9184807283
9184807284
9184807285
9184807286
9184807287
9184807288
9184807290
9184807292
9184807293
9184807294
9184807295
9184807296
9184807297
9184807298
9184807299
9184807302
9184807303
9184807304
9184807307
9184807308
9184807309
9184807310
9184807311
9184807314
9184807315
9184807316
9184807317
9184807318
9184807319
9184807624
9184807625
9184807626
9184807627
9192145675
9192145677
9192145688
9192145691
9192145693
9192145695
9192145701
9192145706
9192145707
9192145726
9192145727
9192145749
9192145763
9192145766
9192145772
9192145773
9192145797
9192145798
9192145819
9192145825
9192145851
9192145858
9192145861
9193553561
9193553577
9193553581
9193553582
9193553592
9193553626
9193553627
9193553631
9193553633
9193553637
9193553642
9193553643
9193553658
9193553665
9193553669
9193553673
9193553674
9193553675
9193553689
9193553698
9193553701
9193553705
9193553716
9193553719
9193553725
9193553729
9193553732
9193553744
9193553745
9193553750
9193553754
9193553755
9193553756
9193553767
9193553768
9193553775
9193553784
9193553809
9193553820
9193553832
9193553836
9193553843
9193553846
9193553850
9193553851
9193553857
9193645580
9193645608
9193645610
9193645612
9193645614
9193645622
9193645624
9193645625
9193673105
9193673106
9193673107
9193673108
9193673109
9193673110
9193673112
9193673113
9193673114
9193673115
9193673116
9193673117
9193673118
9193673119
9193673120
9193673121
9193673122
9193673123
9193673124
9193673125
9193673126
9193673127
9193673128
9193673129
9193673132
9193673133
9193673134
9193673135
9193673136
9193673137
9193673138
9193673139
9193673140
9193673141
9193673142
9193673143
9193673144
9193673145
9193673146
9193673147
9193673148
9193673149
9193673150
9193673151
9193673152
9193673153
9193673154
9193673155
9193673156
9193673157
9193673158
9193673159
9193673160
9193673161
9193673162
9193673163
9193673164
9193673165
9193673166
9193673167
9193673168
9193673169
9193673170
9193673171
9193673172
9193673173
9193673174
9193673175
9193673176
9193673177
9193673178
9193673179
9193673180
9193673181
9193673182
9193673183
9193673184
9193673185
9193673186
9193673187
9193673188
9193673189
9193673190
9193673191
9193673192
9193673193
9193673194
9193673195
9193673196
9193673197
9193673198
9193673199
9193673201
9193673202
9193673203
9193673204
9193673205
9193673206
9193673207
9193673208
9193673209
9193673210
9193673211
9193673212
9193673213
9193673214
9193673215
9193673216
9193673217
9193673218
9193673219
9193673220
9193673221
9193673223
9193673224
9193673225
9193673226
9193673227
9193673228
9193673229
9193673230
9193673231
9193673232
9193673233
9193673234
9193673235
9193673236
9193673237
9193673238
9193673239
9193673240
9193673241
9193673242
9193673243
9193673244
9193673245
9193673246
9193673247
9193673248
9193673249
9193673250
9193673251
9193673252
9193673253
9193673254
9193673255
9193673256
9193673257
9193673258
9193673259
9193673260
9202140413
9202140414
9202140449
9252042349
9282123516
9282123531
9292010880
9312084282
9312084284
9312084606
9347773251
9362098258
9374103166
9374103167
9374103168
9374103169
9374103170
9374103171
9374103172
9374103173
9374103174
9374103176
9374103177
9374103178
9374103179
9374103180
9374103181
9374103182
9374103183
9374103184
9374103186
9374103187
9374103188
9374103189
9374103190
9374103191
9374103192
9374103193
9374103194
9374103195
9374103196
9374103197
9374103198
9374103199
9374103201
9374103202
9374103203
9374103204
9374103205
9374103206
9374103207
9374103208
9374103209
9374103210
9374103211
9374103212
9374103213
9374103214
9374103215
9374103216
9374103217
9374103218
9374103219
9374103220
9374103221
9374103223
9374103224
9374103225
9374103226
9374103227
9374103228
9374103238
9374103278
9374103289
9374103290
9374103291
9374103292
9374103293
9374103294
9374103295
9374103296
9374103297
9374103298
9374103299
9374103301
9374103302
9374103303
9374103304
9374103305
9374103306
9374103307
9374103308
9374103309
9374103310
9374103311
9374103312
9374103313
9374103314
9374103315
9374103316
9374103317
9374103318
9374103319
9374103320
9374103321
9374103322
9374103323
9374103324
9374103325
9374103326
9374103327
9374103328
9374103329
9374103330
9374103331
9374103332
9374103334
9374103335
9374103336
9374103337
9374103338
9374103339
9374103340
9374103341
9374103342
9374103343
9374103344
9374103345
9374103346
9374103347
9374103348
9374103349
9374103350
9374103351
9374103352
9374103353
9374103354
9374103355
9374103356
9374103357
9374103358
9374103359
9374103360
9374103361
9388002133
9402600281
9412413408
9472001850
9495288622
9514211203
9514211204
9514211205
9522064043
9543242636
9543889485
9543889528
9562754899
9562754901
9562754902
9562754903
9562754904
9562754905
9562754906
9562754907
9562754908
9562754909
9562754910
9562754911
9562754912
9562754913
9562754914
9562754915
9562754916
9562754917
9562754918
9562754919
9562754920
9562754921
9562754922
9562754923
9562754924
9562754925
9562754926
9562754927
9562754928
9562754929
9562754930
9562754931
9562754932
9562754933
9562754934
9562754935
9562754936
9562754937
9562754938
9562754939
9562754940
9562754941
9562754942
9562754943
9562754944
9562754945
9562754946
9562754947
9562754948
9562754949
9562754950
9562754951
9562754952
9562754953
9562754954
9562754955
9562754956
9562754957
9562754958
9562754959
9562754960
9562754961
9562754962
9562754963
9562754964
9562754965
9562754966
9562754967
9562754968
9562754969
9562754970
9562754971
9562754972
9562754973
9562754974
9562754975
9562754976
9562754977
9562754978
9562754979
9562754980
9562754981
9562754982
9562754983
9562754984
9562754985
9562754986
9562754987
9562754988
9562754989
9562754990
9562754991
9562754992
9562754993
9562754994
9562754995
9562754996
9562754997
9562754998
9562755001
9562755002
9562755003
9562755004
9562755005
9562755006
9562755007
9562755008
9562755009
9562755010
9562755011
9562755012
9562755013
9562755014
9562755015
9562755016
9562755017
9562755018
9562755019
9562755020
9562755021
9562755022
9562755023
9562755024
9562755025
9562755026
9562755027
9562755028
9562755029
9562755030
9562755031
9562755032
9562755033
9592084906
9702338013
9702338014
9702338015
9712063317
9738584128
9738584129
9738584131
9738584132
9738584133
9738584134
9738584135
9738584136
9738584137
9738584138
9738584141
9738584142
9738584143
9738584144
9738584145
9738584146
9738584147
9738584148
9738584149
9738584150
9738584151
9738584152
9738584154
9738584155
9738584156
9738584157
9738584158
9738584159
9738584161
9738584162
9738584163
9738584164
9738584165
9738584166
9738584167
9738584168
9738584169
9738584170
9738584171
9738584172
9738584173
9738584174
9738584176
9738584178
9738584179
9738584180
9738584181
9738584182
9738584183
9738584184
9738584185
9738584186
9738584187
9738584188
9738584189
9738584190
9738584191
9738584193
9738584194
9738584195
9738584199
9738584206
9738584208
9738584211
9738584212
9738584216
9738584218
9738584219
9738584232
9738584237
9738584246
9738584247
9738584248
9738584249
9738584251
9738584252
9738584571
9738584572
9738584573
9738584574
9738584575
9738584576
9738584577
9738584578
9738584579
9738584580
9738584581
9738584582
9738584583
9738584584
9738584585
9738584586
9738584587
9738584588
9738584589
9738584590
9738584591
9738584592
9738584593
9738584594
9738584595
9738584596
9738584597
9738584598
9738584599
9738584601
9738584602
9738584603
9738584604
9738584605
9738584606
9738584607
9738584608
9738584609
9738584610
9738584611
9738584612
9738584613
9738584614
9738584615
9738584616
9738584617
9738584618
9738584619
9738584620
9738584621
9738584623
9738584624
9738584625
9738584626
9738584627
9782333021
9782333419
9782333582
9792014474
9802066426
9842054429
9852009733
9892828493
